# M    R    Rdot     T      X_He     X_C    X_O    X_Ne    X_Mg    X_Si    X_Ni
# Energy = -2.43222e+50 ergs
1.98855e+31 3.84229e+07 0 3.38844e+07 0 0.5 0.5 0 0 0 0
1.98855e+31 4.87813e+07 0 3.42105e+07 0 0.5 0.5 0 0 0 0
1.98855e+31 5.6207e+07 0 3.45397e+07 0 0.5 0.5 0 0 0 0
1.98855e+31 6.2232e+07 0 3.48721e+07 0 0.5 0.5 0 0 0 0
1.98855e+31 6.74095e+07 0 3.52077e+07 0 0.5 0.5 0 0 0 0
1.98855e+31 7.20102e+07 0 3.55465e+07 0 0.5 0.5 0 0 0 0
1.98855e+31 7.6189e+07 0 3.58885e+07 0 0.5 0.5 0 0 0 0
1.98855e+31 8.00443e+07 0 3.62339e+07 0 0.5 0.5 0 0 0 0
1.98855e+31 8.36425e+07 0 3.65826e+07 0 0.5 0.5 0 0 0 0
1.98855e+31 8.70311e+07 0 3.69346e+07 0 0.5 0.5 0 0 0 0
1.98855e+31 9.02454e+07 0 3.729e+07 0 0.5 0.5 0 0 0 0
1.98855e+31 9.33122e+07 0 3.76489e+07 0 0.5 0.5 0 0 0 0
1.98855e+31 9.62525e+07 0 3.80112e+07 0 0.5 0.5 0 0 0 0
1.98855e+31 9.90832e+07 0 3.8377e+07 0 0.5 0.5 0 0 0 0
1.98855e+31 1.01818e+08 0 3.87463e+07 0 0.5 0.5 0 0 0 0
1.98855e+31 1.04468e+08 0 3.91191e+07 0 0.5 0.5 0 0 0 0
1.98855e+31 1.07043e+08 0 3.94956e+07 0 0.5 0.5 0 0 0 0
1.98855e+31 1.09552e+08 0 3.98757e+07 0 0.5 0.5 0 0 0 0
1.98855e+31 1.12e+08 0 4.02594e+07 0 0.5 0.5 0 0 0 0
1.98855e+31 1.14393e+08 0 4.06468e+07 0 0.5 0.5 0 0 0 0
1.98855e+31 1.16738e+08 0 4.1038e+07 0 0.5 0.5 0 0 0 0
1.98855e+31 1.19039e+08 0 4.14329e+07 0 0.5 0.5 0 0 0 0
1.98855e+31 1.21299e+08 0 4.18316e+07 0 0.5 0.5 0 0 0 0
1.98855e+31 1.23523e+08 0 4.22341e+07 0 0.5 0.5 0 0 0 0
1.98855e+31 1.25712e+08 0 4.26406e+07 0 0.5 0.5 0 0 0 0
1.98855e+31 1.27872e+08 0 4.30509e+07 0 0.5 0.5 0 0 0 0
1.98855e+31 1.30003e+08 0 4.34652e+07 0 0.5 0.5 0 0 0 0
1.98855e+31 1.32108e+08 0 4.38835e+07 0 0.5 0.5 0 0 0 0
1.98855e+31 1.3419e+08 0 4.43058e+07 0 0.5 0.5 0 0 0 0
1.98855e+31 1.36251e+08 0 4.47321e+07 0 0.5 0.5 0 0 0 0
1.98855e+31 1.38291e+08 0 4.51626e+07 0 0.5 0.5 0 0 0 0
1.98855e+31 1.40314e+08 0 4.55972e+07 0 0.5 0.5 0 0 0 0
1.98855e+31 1.42321e+08 0 4.6036e+07 0 0.5 0.5 0 0 0 0
1.98855e+31 1.44312e+08 0 4.6479e+07 0 0.5 0.5 0 0 0 0
1.98855e+31 1.4629e+08 0 4.69263e+07 0 0.5 0.5 0 0 0 0
1.98855e+31 1.48256e+08 0 4.73778e+07 0 0.5 0.5 0 0 0 0
1.98855e+31 1.5021e+08 0 4.78338e+07 0 0.5 0.5 0 0 0 0
1.98855e+31 1.52155e+08 0 4.82941e+07 0 0.5 0.5 0 0 0 0
1.98855e+31 1.5409e+08 0 4.87588e+07 0 0.5 0.5 0 0 0 0
1.98855e+31 1.56019e+08 0 4.9228e+07 0 0.5 0.5 0 0 0 0
1.98855e+31 1.5794e+08 0 4.97018e+07 0 0.5 0.5 0 0 0 0
1.98855e+31 1.59855e+08 0 5.018e+07 0 0.5 0.5 0 0 0 0
1.98855e+31 1.61766e+08 0 5.06629e+07 0 0.5 0.5 0 0 0 0
1.98855e+31 1.63672e+08 0 5.11505e+07 0 0.5 0.5 0 0 0 0
1.98855e+31 1.65576e+08 0 5.16427e+07 0 0.5 0.5 0 0 0 0
1.98855e+31 1.67476e+08 0 5.21397e+07 0 0.5 0.5 0 0 0 0
1.98855e+31 1.69376e+08 0 5.26414e+07 0 0.5 0.5 0 0 0 0
1.98855e+31 1.71274e+08 0 5.3148e+07 0 0.5 0.5 0 0 0 0
1.98855e+31 1.73173e+08 0 5.36594e+07 0 0.5 0.5 0 0 0 0
1.98855e+31 1.75072e+08 0 5.41758e+07 0 0.5 0.5 0 0 0 0
1.98855e+31 1.76973e+08 0 5.46971e+07 0 0.5 0.5 0 0 0 0
1.98855e+31 1.78876e+08 0 5.52235e+07 0 0.5 0.5 0 0 0 0
1.98855e+31 1.80783e+08 0 5.57549e+07 0 0.5 0.5 0 0 0 0
1.98855e+31 1.82693e+08 0 5.62915e+07 0 0.5 0.5 0 0 0 0
1.98855e+31 1.84607e+08 0 5.68332e+07 0 0.5 0.5 0 0 0 0
1.98855e+31 1.86527e+08 0 5.73801e+07 0 0.5 0.5 0 0 0 0
1.98855e+31 1.88453e+08 0 5.79322e+07 0 0.5 0.5 0 0 0 0
1.98855e+31 1.90386e+08 0 5.84897e+07 0 0.5 0.5 0 0 0 0
1.98855e+31 1.92326e+08 0 5.90526e+07 0 0.5 0.5 0 0 0 0
1.98855e+31 1.94274e+08 0 5.96209e+07 0 0.5 0.5 0 0 0 0
1.98855e+31 1.96231e+08 0 6.01946e+07 0 0.5 0.5 0 0 0 0
1.98855e+31 1.98198e+08 0 6.07739e+07 0 0.5 0.5 0 0 0 0
1.98855e+31 2.00175e+08 0 6.13587e+07 0 0.5 0.5 0 0 0 0
1.98855e+31 2.02164e+08 0 6.19492e+07 0 0.5 0.5 0 0 0 0
1.98855e+31 2.04164e+08 0 6.25453e+07 0 0.5 0.5 0 0 0 0
1.98855e+31 2.06178e+08 0 6.31472e+07 0 0.5 0.5 0 0 0 0
1.98855e+31 2.08206e+08 0 6.37549e+07 0 0.5 0.5 0 0 0 0
1.98855e+31 2.10249e+08 0 6.43684e+07 0 0.5 0.5 0 0 0 0
1.98855e+31 2.12307e+08 0 6.49878e+07 0 0.5 0.5 0 0 0 0
1.98855e+31 2.14383e+08 0 6.56132e+07 0 0.5 0.5 0 0 0 0
1.98855e+31 2.16476e+08 0 6.62446e+07 0 0.5 0.5 0 0 0 0
1.98855e+31 2.18588e+08 0 6.68821e+07 0 0.5 0.5 0 0 0 0
1.98855e+31 2.2072e+08 0 6.75257e+07 0 0.5 0.5 0 0 0 0
1.98855e+31 2.22873e+08 0 6.81755e+07 0 0.5 0.5 0 0 0 0
1.98855e+31 2.25049e+08 0 6.88316e+07 0 0.5 0.5 0 0 0 0
1.98855e+31 2.27249e+08 0 6.94939e+07 0 0.5 0.5 0 0 0 0
1.98855e+31 2.29474e+08 0 7.01627e+07 0 0.5 0.5 0 0 0 0
1.98855e+31 2.31725e+08 0 7.08379e+07 0 0.5 0.5 0 0 0 0
1.98855e+31 2.34004e+08 0 7.15196e+07 0 0.5 0.5 0 0 0 0
1.98855e+31 2.36312e+08 0 7.22078e+07 0 0.5 0.5 0 0 0 0
1.98855e+31 2.38653e+08 0 7.29027e+07 0 0.5 0.5 0 0 0 0
1.98855e+31 2.41026e+08 0 7.36042e+07 0 0.5 0.5 0 0 0 0
1.98855e+31 2.43435e+08 0 7.43125e+07 0 0.5 0.5 0 0 0 0
1.98855e+31 2.45881e+08 0 7.50276e+07 0 0.5 0.5 0 0 0 0
1.98855e+31 2.48367e+08 0 7.57496e+07 0 0.5 0.5 0 0 0 0
1.98855e+31 2.50895e+08 0 7.64786e+07 0 0.5 0.5 0 0 0 0
1.98855e+31 2.53468e+08 0 7.72145e+07 0 0.5 0.5 0 0 0 0
1.98855e+31 2.56089e+08 0 7.79576e+07 0 0.5 0.5 0 0 0 0
1.98855e+31 2.5876e+08 0 7.87078e+07 0 0.5 0.5 0 0 0 0
1.98855e+31 2.61486e+08 0 7.94652e+07 0 0.5 0.5 0 0 0 0
1.98855e+31 2.64271e+08 0 8.02299e+07 0 0.5 0.5 0 0 0 0
1.98855e+31 2.67118e+08 0 8.1002e+07 0 0.5 0.5 0 0 0 0
1.98855e+31 2.70032e+08 0 8.17815e+07 0 0.5 0.5 0 0 0 0
1.98855e+31 2.73019e+08 0 8.25685e+07 0 0.5 0.5 0 0 0 0
1.98855e+31 2.76083e+08 0 8.3363e+07 0 0.5 0.5 0 0 0 0
1.98855e+31 2.79232e+08 0 8.41652e+07 0 0.5 0.5 0 0 0 0
1.98855e+31 2.82473e+08 0 8.49752e+07 0 0.5 0.5 0 0 0 0
1.98855e+31 2.85814e+08 0 8.57929e+07 0 0.5 0.5 0 0 0 0
1.98855e+31 2.89265e+08 0 8.66185e+07 0 0.5 0.5 0 0 0 0
1.98855e+31 2.92837e+08 0 8.7452e+07 0 0.5 0.5 0 0 0 0
1.98855e+31 2.96543e+08 0 8.82936e+07 0 0.5 0.5 0 0 0 0
1.98855e+31 3.00398e+08 0 8.91433e+07 0 0.5 0.5 0 0 0 0
1.98855e+31 3.04419e+08 0 9.00011e+07 0 0.5 0.5 0 0 0 0
1.98855e+31 3.08627e+08 0 9.08672e+07 0 0.5 0.5 0 0 0 0
1.98855e+31 3.13049e+08 0 9.17416e+07 0 0.5 0.5 0 0 0 0
1.98855e+31 3.17717e+08 0 9.26245e+07 0 0.5 0.5 0 0 0 0
1.98855e+31 3.22671e+08 0 9.35158e+07 0 0.5 0.5 0 0 0 0
1.98855e+31 3.27964e+08 0 9.44157e+07 0 0.5 0.5 0 0 0 0
1.98855e+31 3.33664e+08 0 9.53243e+07 0 0.5 0.5 0 0 0 0
1.98855e+31 3.39866e+08 0 9.62416e+07 1 0 0 0 0 0 0
1.98855e+31 3.46707e+08 0 9.71677e+07 1 0 0 0 0 0 0
1.98855e+31 3.54392e+08 0 9.81028e+07 1 0 0 0 0 0 0
1.98855e+31 3.63262e+08 0 9.90469e+07 1 0 0 0 0 0 0
1.98855e+31 3.64082e+08 0 3.16228e+09 1 0 0 0 0 0 0
1.98855e+31 3.79593e+08 0 6.30957e+07 1 0 0 0 0 0 0
1.98855e+31 4.09218e+08 0 3.98107e+07 1 0 0 0 0 0 0
