# M    R    Rdot     T      Y_He     Y_C    Y_O    Y_Ne    Y_Mg    Y_Si    Y_Ni
# Energy = -2.04219e+50 ergs
1.98855e+31 4.70877e+07 0 9.96779e+06 0 0.0416667 0.03125 0 0 0 0
1.98855e+31 5.97846e+07 0 9.91621e+06 0 0.0416667 0.03125 0 0 0 0
1.98855e+31 6.88904e+07 0 9.8977e+06 0 0.0416667 0.03125 0 0 0 0
1.98855e+31 7.62814e+07 0 9.88201e+06 0 0.0416667 0.03125 0 0 0 0
1.98855e+31 8.26352e+07 0 9.86762e+06 0 0.0416667 0.03125 0 0 0 0
1.98855e+31 8.82833e+07 0 9.854e+06 0 0.0416667 0.03125 0 0 0 0
1.98855e+31 9.34157e+07 0 9.84089e+06 0 0.0416667 0.03125 0 0 0 0
1.98855e+31 9.81527e+07 0 9.82824e+06 0 0.0416667 0.03125 0 0 0 0
1.98855e+31 1.02576e+08 0 9.81605e+06 0 0.0416667 0.03125 0 0 0 0
1.98855e+31 1.06743e+08 0 9.80434e+06 0 0.0416667 0.03125 0 0 0 0
1.98855e+31 1.10697e+08 0 9.79312e+06 0 0.0416667 0.03125 0 0 0 0
1.98855e+31 1.14471e+08 0 9.7824e+06 0 0.0416667 0.03125 0 0 0 0
1.98855e+31 1.18091e+08 0 9.77212e+06 0 0.0416667 0.03125 0 0 0 0
1.98855e+31 1.21578e+08 0 9.76224e+06 0 0.0416667 0.03125 0 0 0 0
1.98855e+31 1.24948e+08 0 9.75269e+06 0 0.0416667 0.03125 0 0 0 0
1.98855e+31 1.28215e+08 0 9.74343e+06 0 0.0416667 0.03125 0 0 0 0
1.98855e+31 1.31391e+08 0 9.73437e+06 0 0.0416667 0.03125 0 0 0 0
1.98855e+31 1.34486e+08 0 9.72545e+06 0 0.0416667 0.03125 0 0 0 0
1.98855e+31 1.37508e+08 0 9.71657e+06 0 0.0416667 0.03125 0 0 0 0
1.98855e+31 1.40464e+08 0 9.70766e+06 0 0.0416667 0.03125 0 0 0 0
1.98855e+31 1.43361e+08 0 9.69863e+06 0 0.0416667 0.03125 0 0 0 0
1.98855e+31 1.46205e+08 0 9.68944e+06 0 0.0416667 0.03125 0 0 0 0
1.98855e+31 1.49e+08 0 9.68005e+06 0 0.0416667 0.03125 0 0 0 0
1.98855e+31 1.51751e+08 0 9.67045e+06 0 0.0416667 0.03125 0 0 0 0
1.98855e+31 1.54462e+08 0 9.66064e+06 0 0.0416667 0.03125 0 0 0 0
1.98855e+31 1.57136e+08 0 9.65062e+06 0 0.0416667 0.03125 0 0 0 0
1.98855e+31 1.59777e+08 0 9.6404e+06 0 0.0416667 0.03125 0 0 0 0
1.98855e+31 1.62388e+08 0 9.62997e+06 0 0.0416667 0.03125 0 0 0 0
1.98855e+31 1.64971e+08 0 9.61934e+06 0 0.0416667 0.03125 0 0 0 0
1.98855e+31 1.67529e+08 0 9.60849e+06 0 0.0416667 0.03125 0 0 0 0
1.98855e+31 1.70064e+08 0 9.59743e+06 0 0.0416667 0.03125 0 0 0 0
1.98855e+31 1.72578e+08 0 9.58615e+06 0 0.0416667 0.03125 0 0 0 0
1.98855e+31 1.75073e+08 0 9.57466e+06 0 0.0416667 0.03125 0 0 0 0
1.98855e+31 1.77551e+08 0 9.56295e+06 0 0.0416667 0.03125 0 0 0 0
1.98855e+31 1.80014e+08 0 9.55102e+06 0 0.0416667 0.03125 0 0 0 0
1.98855e+31 1.82463e+08 0 9.53888e+06 0 0.0416667 0.03125 0 0 0 0
1.98855e+31 1.849e+08 0 9.52652e+06 0 0.0416667 0.03125 0 0 0 0
1.98855e+31 1.87327e+08 0 9.51395e+06 0 0.0416667 0.03125 0 0 0 0
1.98855e+31 1.89745e+08 0 9.50116e+06 0 0.0416667 0.03125 0 0 0 0
1.98855e+31 1.92154e+08 0 9.48815e+06 0 0.0416667 0.03125 0 0 0 0
1.98855e+31 1.94558e+08 0 9.4749e+06 0 0.0416667 0.03125 0 0 0 0
1.98855e+31 1.96955e+08 0 9.46142e+06 0 0.0416667 0.03125 0 0 0 0
1.98855e+31 1.99349e+08 0 9.44768e+06 0 0.0416667 0.03125 0 0 0 0
1.98855e+31 2.0174e+08 0 9.43369e+06 0 0.0416667 0.03125 0 0 0 0
1.98855e+31 2.04129e+08 0 9.41943e+06 0 0.0416667 0.03125 0 0 0 0
1.98855e+31 2.06517e+08 0 9.40484e+06 0 0.0416667 0.03125 0 0 0 0
1.98855e+31 2.08906e+08 0 9.38999e+06 0 0.0416667 0.03125 0 0 0 0
1.98855e+31 2.11296e+08 0 9.37432e+06 0 0.0416667 0.03125 0 0 0 0
1.98855e+31 2.13688e+08 0 9.35954e+06 0 0.0416667 0.03125 0 0 0 0
1.98855e+31 2.16084e+08 0 9.33983e+06 0 0.0416667 0.03125 0 0 0 0
1.98855e+31 2.18484e+08 0 9.332e+06 0 0.0416667 0.03125 0 0 0 0
1.98855e+31 2.2089e+08 0 9.29527e+06 0 0.0416667 0.03125 0 0 0 0
1.98855e+31 2.23303e+08 0 9.31288e+06 0 0.0416667 0.03125 0 0 0 0
1.98855e+31 2.25724e+08 0 9.24744e+06 0 0.0416667 0.03125 0 0 0 0
1.98855e+31 2.28154e+08 0 9.28723e+06 0 0.0416667 0.03125 0 0 0 0
1.98855e+31 2.30594e+08 0 9.21777e+06 0 0.0416667 0.03125 0 0 0 0
1.98855e+31 2.33045e+08 0 9.24762e+06 0 0.0416667 0.03125 0 0 0 0
1.98855e+31 2.35508e+08 0 9.19995e+06 0 0.0416667 0.03125 0 0 0 0
1.98855e+31 2.37984e+08 0 9.20679e+06 0 0.0416667 0.03125 0 0 0 0
1.98855e+31 2.40474e+08 0 9.17907e+06 0 0.0416667 0.03125 0 0 0 0
1.98855e+31 2.4298e+08 0 9.17047e+06 0 0.0416667 0.03125 0 0 0 0
1.98855e+31 2.45503e+08 0 9.15103e+06 0 0.0416667 0.03125 0 0 0 0
1.98855e+31 2.48044e+08 0 9.13605e+06 0 0.0416667 0.03125 0 0 0 0
1.98855e+31 2.50604e+08 0 9.11818e+06 0 0.0416667 0.03125 0 0 0 0
1.98855e+31 2.53185e+08 0 9.1008e+06 0 0.0416667 0.03125 0 0 0 0
1.98855e+31 2.55789e+08 0 9.08247e+06 0 0.0416667 0.03125 0 0 0 0
1.98855e+31 2.58416e+08 0 9.0638e+06 0 0.0416667 0.03125 0 0 0 0
1.98855e+31 2.61068e+08 0 9.04454e+06 0 0.0416667 0.03125 0 0 0 0
1.98855e+31 2.63747e+08 0 9.02475e+06 0 0.0416667 0.03125 0 0 0 0
1.98855e+31 2.66455e+08 0 9.00436e+06 0 0.0416667 0.03125 0 0 0 0
1.98855e+31 2.69193e+08 0 8.98336e+06 0 0.0416667 0.03125 0 0 0 0
1.98855e+31 2.71964e+08 0 8.96168e+06 0 0.0416667 0.03125 0 0 0 0
1.98855e+31 2.74768e+08 0 8.93929e+06 0 0.0416667 0.03125 0 0 0 0
1.98855e+31 2.77609e+08 0 8.91613e+06 0 0.0416667 0.03125 0 0 0 0
1.98855e+31 2.80489e+08 0 8.89215e+06 0 0.0416667 0.03125 0 0 0 0
1.98855e+31 2.83411e+08 0 8.86729e+06 0 0.0416667 0.03125 0 0 0 0
1.98855e+31 2.86377e+08 0 8.84145e+06 0 0.0416667 0.03125 0 0 0 0
1.98855e+31 2.8939e+08 0 8.81455e+06 0 0.0416667 0.03125 0 0 0 0
1.98855e+31 2.92454e+08 0 8.78651e+06 0 0.0416667 0.03125 0 0 0 0
1.98855e+31 2.95571e+08 0 8.75723e+06 0 0.0416667 0.03125 0 0 0 0
1.98855e+31 2.98746e+08 0 8.72662e+06 0 0.0416667 0.03125 0 0 0 0
1.98855e+31 3.01982e+08 0 8.69456e+06 0 0.0416667 0.03125 0 0 0 0
1.98855e+31 3.05284e+08 0 8.66094e+06 0 0.0416667 0.03125 0 0 0 0
1.98855e+31 3.08657e+08 0 8.62565e+06 0 0.0416667 0.03125 0 0 0 0
1.98855e+31 3.12107e+08 0 8.58854e+06 0 0.0416667 0.03125 0 0 0 0
1.98855e+31 3.1564e+08 0 8.54945e+06 0 0.0416667 0.03125 0 0 0 0
1.98855e+31 3.19261e+08 0 8.5083e+06 0 0.0416667 0.03125 0 0 0 0
1.98855e+31 3.22978e+08 0 8.46501e+06 0 0.0416667 0.03125 0 0 0 0
1.98855e+31 3.26801e+08 0 8.41942e+06 0 0.0416667 0.03125 0 0 0 0
1.98855e+31 3.30738e+08 0 8.37131e+06 0 0.0416667 0.03125 0 0 0 0
1.98855e+31 3.34802e+08 0 8.32031e+06 0 0.0416667 0.03125 0 0 0 0
1.98855e+31 3.39005e+08 0 8.26593e+06 0 0.0416667 0.03125 0 0 0 0
1.98855e+31 3.43362e+08 0 8.2076e+06 0 0.0416667 0.03125 0 0 0 0
1.98855e+31 3.47892e+08 0 8.14469e+06 0 0.0416667 0.03125 0 0 0 0
1.98855e+31 3.52615e+08 0 8.0765e+06 0 0.0416667 0.03125 0 0 0 0
1.98855e+31 3.57557e+08 0 8.00216e+06 0 0.0416667 0.03125 0 0 0 0
1.98855e+31 3.62749e+08 0 7.92053e+06 0 0.0416667 0.03125 0 0 0 0
1.98855e+31 3.6823e+08 0 7.83015e+06 0 0.0416667 0.03125 0 0 0 0
1.98855e+31 3.74048e+08 0 7.72901e+06 0 0.0416667 0.03125 0 0 0 0
1.98855e+31 3.80268e+08 0 7.61444e+06 0 0.0416667 0.03125 0 0 0 0
1.98855e+31 3.86976e+08 0 7.48308e+06 0 0.0416667 0.03125 0 0 0 0
1.98855e+31 3.94293e+08 0 7.33015e+06 0 0.0416667 0.03125 0 0 0 0
1.98855e+31 4.02387e+08 0 7.14738e+06 0 0.0416667 0.03125 0 0 0 0
1.98855e+31 4.11531e+08 0 6.92161e+06 0 0.0416667 0.03125 0 0 0 0
1.98855e+31 4.22185e+08 0 6.63046e+06 0 0.0416667 0.03125 0 0 0 0
1.98855e+31 4.35258e+08 0 6.23126e+06 0 0.0416667 0.03125 0 0 0 0
1.98855e+31 4.53062e+08 0 5.62435e+06 0 0.0416667 0.03125 0 0 0 0
1.98855e+31 4.86867e+08 0 4.46866e+06 0 0.0416667 0.03125 0 0 0 0
