# M_r   Rho    T 
0.002 8.44911e+07 3.38844e+07
0.004 8.30408e+07 3.39494e+07
0.006 8.20754e+07 3.40145e+07
0.008 8.12417e+07 3.40797e+07
0.01 8.04897e+07 3.4145e+07
0.012 7.97958e+07 3.42105e+07
0.014 7.91461e+07 3.42761e+07
0.016 7.85311e+07 3.43418e+07
0.018 7.7945e+07 3.44076e+07
0.02 7.73833e+07 3.44736e+07
0.022 7.68428e+07 3.45397e+07
0.024 7.63209e+07 3.46059e+07
0.026 7.58152e+07 3.46723e+07
0.028 7.53245e+07 3.47387e+07
0.03 7.48472e+07 3.48054e+07
0.032 7.43821e+07 3.48721e+07
0.034 7.39281e+07 3.49389e+07
0.036 7.34846e+07 3.50059e+07
0.038 7.30507e+07 3.5073e+07
0.04 7.26256e+07 3.51403e+07
0.042 7.2209e+07 3.52077e+07
0.044 7.18002e+07 3.52752e+07
0.046 7.13987e+07 3.53428e+07
0.048 7.10043e+07 3.54106e+07
0.05 7.06163e+07 3.54784e+07
0.052 7.02347e+07 3.55465e+07
0.054 6.98589e+07 3.56146e+07
0.056 6.94887e+07 3.56829e+07
0.058 6.91239e+07 3.57513e+07
0.06 6.87643e+07 3.58199e+07
0.062 6.84094e+07 3.58885e+07
0.064 6.80593e+07 3.59573e+07
0.066 6.77136e+07 3.60263e+07
0.068 6.73722e+07 3.60954e+07
0.07 6.7035e+07 3.61646e+07
0.072 6.67016e+07 3.62339e+07
0.074 6.63722e+07 3.63034e+07
0.076 6.60463e+07 3.6373e+07
0.078 6.57241e+07 3.64427e+07
0.08 6.54053e+07 3.65126e+07
0.082 6.50898e+07 3.65826e+07
0.084 6.47774e+07 3.66527e+07
0.086 6.44681e+07 3.6723e+07
0.088 6.41619e+07 3.67934e+07
0.09 6.38585e+07 3.68639e+07
0.092 6.3558e+07 3.69346e+07
0.094 6.32603e+07 3.70054e+07
0.096 6.29651e+07 3.70764e+07
0.098 6.26727e+07 3.71475e+07
0.1 6.23829e+07 3.72187e+07
0.102 6.20955e+07 3.729e+07
0.104 6.18106e+07 3.73615e+07
0.106 6.15282e+07 3.74332e+07
0.108 6.1248e+07 3.75049e+07
0.11 6.09702e+07 3.75768e+07
0.112 6.06945e+07 3.76489e+07
0.114 6.0421e+07 3.77211e+07
0.116 6.01496e+07 3.77934e+07
0.118 5.98804e+07 3.78659e+07
0.12 5.96131e+07 3.79385e+07
0.122 5.93479e+07 3.80112e+07
0.124 5.90846e+07 3.80841e+07
0.126 5.88232e+07 3.81571e+07
0.128 5.85637e+07 3.82302e+07
0.13 5.8306e+07 3.83035e+07
0.132 5.80502e+07 3.8377e+07
0.134 5.77961e+07 3.84506e+07
0.136 5.75436e+07 3.85243e+07
0.138 5.72929e+07 3.85981e+07
0.14 5.70439e+07 3.86721e+07
0.142 5.67966e+07 3.87463e+07
0.144 5.65508e+07 3.88206e+07
0.146 5.63066e+07 3.8895e+07
0.148 5.6064e+07 3.89696e+07
0.15 5.58229e+07 3.90443e+07
0.152 5.55834e+07 3.91191e+07
0.154 5.53452e+07 3.91941e+07
0.156 5.51086e+07 3.92693e+07
0.158 5.48734e+07 3.93446e+07
0.16 5.46396e+07 3.942e+07
0.162 5.44072e+07 3.94956e+07
0.164 5.41761e+07 3.95713e+07
0.166 5.39464e+07 3.96472e+07
0.168 5.3718e+07 3.97232e+07
0.17 5.3491e+07 3.97994e+07
0.172 5.32652e+07 3.98757e+07
0.174 5.30407e+07 3.99521e+07
0.176 5.28174e+07 4.00287e+07
0.178 5.25954e+07 4.01055e+07
0.18 5.23746e+07 4.01824e+07
0.182 5.21551e+07 4.02594e+07
0.184 5.19367e+07 4.03366e+07
0.186 5.17195e+07 4.04139e+07
0.188 5.15034e+07 4.04914e+07
0.19 5.12885e+07 4.0569e+07
0.192 5.10748e+07 4.06468e+07
0.194 5.0862e+07 4.07247e+07
0.196 5.06505e+07 4.08028e+07
0.198 5.044e+07 4.08811e+07
0.2 5.02305e+07 4.09594e+07
0.202 5.00221e+07 4.1038e+07
0.204 4.98148e+07 4.11166e+07
0.206 4.96085e+07 4.11955e+07
0.208 4.94032e+07 4.12745e+07
0.21 4.91989e+07 4.13536e+07
0.212 4.89956e+07 4.14329e+07
0.214 4.87933e+07 4.15123e+07
0.216 4.85919e+07 4.15919e+07
0.218 4.83915e+07 4.16717e+07
0.22 4.8192e+07 4.17515e+07
0.222 4.79935e+07 4.18316e+07
0.224 4.77959e+07 4.19118e+07
0.226 4.75992e+07 4.19922e+07
0.228 4.74035e+07 4.20727e+07
0.23 4.72086e+07 4.21533e+07
0.232 4.70146e+07 4.22341e+07
0.234 4.68215e+07 4.23151e+07
0.236 4.66293e+07 4.23962e+07
0.238 4.64379e+07 4.24775e+07
0.24 4.62475e+07 4.2559e+07
0.242 4.60578e+07 4.26406e+07
0.244 4.58689e+07 4.27223e+07
0.246 4.5681e+07 4.28042e+07
0.248 4.54938e+07 4.28863e+07
0.25 4.53075e+07 4.29685e+07
0.252 4.51219e+07 4.30509e+07
0.254 4.49372e+07 4.31334e+07
0.256 4.47532e+07 4.32161e+07
0.258 4.457e+07 4.3299e+07
0.26 4.43876e+07 4.3382e+07
0.262 4.4206e+07 4.34652e+07
0.264 4.40252e+07 4.35485e+07
0.266 4.38451e+07 4.3632e+07
0.268 4.36657e+07 4.37157e+07
0.27 4.34871e+07 4.37995e+07
0.272 4.33092e+07 4.38835e+07
0.274 4.31321e+07 4.39676e+07
0.276 4.29557e+07 4.40519e+07
0.278 4.278e+07 4.41364e+07
0.28 4.2605e+07 4.4221e+07
0.282 4.24308e+07 4.43058e+07
0.284 4.22571e+07 4.43907e+07
0.286 4.20842e+07 4.44758e+07
0.288 4.1912e+07 4.45611e+07
0.29 4.17405e+07 4.46465e+07
0.292 4.15697e+07 4.47321e+07
0.294 4.13995e+07 4.48179e+07
0.296 4.123e+07 4.49038e+07
0.298 4.10611e+07 4.49899e+07
0.3 4.0893e+07 4.50762e+07
0.302 4.07254e+07 4.51626e+07
0.304 4.05585e+07 4.52492e+07
0.306 4.03922e+07 4.53359e+07
0.308 4.02266e+07 4.54228e+07
0.31 4.00617e+07 4.55099e+07
0.312 3.98972e+07 4.55972e+07
0.314 3.97335e+07 4.56846e+07
0.316 3.95703e+07 4.57722e+07
0.318 3.94078e+07 4.586e+07
0.32 3.92458e+07 4.59479e+07
0.322 3.90845e+07 4.6036e+07
0.324 3.89237e+07 4.61242e+07
0.326 3.87635e+07 4.62127e+07
0.328 3.86039e+07 4.63013e+07
0.33 3.8445e+07 4.639e+07
0.332 3.82865e+07 4.6479e+07
0.334 3.81287e+07 4.65681e+07
0.336 3.79715e+07 4.66574e+07
0.338 3.78148e+07 4.67468e+07
0.34 3.76586e+07 4.68365e+07
0.342 3.75032e+07 4.69263e+07
0.344 3.73482e+07 4.70162e+07
0.346 3.71937e+07 4.71064e+07
0.348 3.70398e+07 4.71967e+07
0.35 3.68865e+07 4.72872e+07
0.352 3.67337e+07 4.73778e+07
0.354 3.65814e+07 4.74687e+07
0.356 3.64297e+07 4.75597e+07
0.358 3.62785e+07 4.76509e+07
0.36 3.61279e+07 4.77422e+07
0.362 3.59778e+07 4.78338e+07
0.364 3.58281e+07 4.79255e+07
0.366 3.5679e+07 4.80174e+07
0.368 3.55304e+07 4.81094e+07
0.37 3.53823e+07 4.82017e+07
0.372 3.52347e+07 4.82941e+07
0.374 3.50876e+07 4.83867e+07
0.376 3.4941e+07 4.84794e+07
0.378 3.47949e+07 4.85724e+07
0.38 3.46493e+07 4.86655e+07
0.382 3.45042e+07 4.87588e+07
0.384 3.43595e+07 4.88523e+07
0.386 3.42153e+07 4.8946e+07
0.388 3.40716e+07 4.90398e+07
0.39 3.39284e+07 4.91338e+07
0.392 3.37856e+07 4.9228e+07
0.394 3.36433e+07 4.93224e+07
0.396 3.35015e+07 4.9417e+07
0.398 3.33601e+07 4.95117e+07
0.4 3.32192e+07 4.96066e+07
0.402 3.30787e+07 4.97018e+07
0.404 3.29387e+07 4.9797e+07
0.406 3.27992e+07 4.98925e+07
0.408 3.26601e+07 4.99882e+07
0.41 3.25215e+07 5.0084e+07
0.412 3.23833e+07 5.018e+07
0.414 3.22456e+07 5.02762e+07
0.416 3.21083e+07 5.03726e+07
0.418 3.19714e+07 5.04692e+07
0.42 3.1835e+07 5.0566e+07
0.422 3.16991e+07 5.06629e+07
0.424 3.15635e+07 5.07601e+07
0.426 3.14284e+07 5.08574e+07
0.428 3.12938e+07 5.09549e+07
0.43 3.11596e+07 5.10526e+07
0.432 3.10258e+07 5.11505e+07
0.434 3.08924e+07 5.12485e+07
0.436 3.07595e+07 5.13468e+07
0.438 3.0627e+07 5.14452e+07
0.44 3.0495e+07 5.15439e+07
0.442 3.03634e+07 5.16427e+07
0.444 3.02321e+07 5.17417e+07
0.446 3.01014e+07 5.18409e+07
0.448 2.9971e+07 5.19403e+07
0.45 2.98411e+07 5.20399e+07
0.452 2.97115e+07 5.21397e+07
0.454 2.95824e+07 5.22396e+07
0.456 2.94537e+07 5.23398e+07
0.458 2.93254e+07 5.24401e+07
0.46 2.91975e+07 5.25407e+07
0.462 2.90699e+07 5.26414e+07
0.464 2.89428e+07 5.27423e+07
0.466 2.8816e+07 5.28434e+07
0.468 2.86896e+07 5.29448e+07
0.47 2.85636e+07 5.30463e+07
0.472 2.84379e+07 5.3148e+07
0.474 2.83126e+07 5.32499e+07
0.476 2.81877e+07 5.3352e+07
0.478 2.80631e+07 5.34543e+07
0.48 2.79389e+07 5.35567e+07
0.482 2.78149e+07 5.36594e+07
0.484 2.76914e+07 5.37623e+07
0.486 2.75682e+07 5.38654e+07
0.488 2.74453e+07 5.39687e+07
0.49 2.73228e+07 5.40721e+07
0.492 2.72007e+07 5.41758e+07
0.494 2.70788e+07 5.42797e+07
0.496 2.69573e+07 5.43837e+07
0.498 2.68362e+07 5.4488e+07
0.5 2.67154e+07 5.45925e+07
0.502 2.65949e+07 5.46971e+07
0.504 2.64748e+07 5.4802e+07
0.506 2.6355e+07 5.49071e+07
0.508 2.62356e+07 5.50123e+07
0.51 2.61165e+07 5.51178e+07
0.512 2.59978e+07 5.52235e+07
0.514 2.58795e+07 5.53294e+07
0.516 2.57615e+07 5.54355e+07
0.518 2.56439e+07 5.55417e+07
0.52 2.55267e+07 5.56482e+07
0.522 2.54098e+07 5.57549e+07
0.524 2.52933e+07 5.58618e+07
0.526 2.51771e+07 5.59689e+07
0.528 2.50614e+07 5.60762e+07
0.53 2.49459e+07 5.61837e+07
0.532 2.48308e+07 5.62915e+07
0.534 2.4716e+07 5.63994e+07
0.536 2.46015e+07 5.65075e+07
0.538 2.44873e+07 5.66159e+07
0.54 2.43735e+07 5.67244e+07
0.542 2.426e+07 5.68332e+07
0.544 2.41467e+07 5.69421e+07
0.546 2.40339e+07 5.70513e+07
0.548 2.39213e+07 5.71607e+07
0.55 2.38091e+07 5.72703e+07
0.552 2.36972e+07 5.73801e+07
0.554 2.35857e+07 5.74901e+07
0.556 2.34744e+07 5.76003e+07
0.558 2.33635e+07 5.77107e+07
0.56 2.3253e+07 5.78214e+07
0.562 2.31427e+07 5.79322e+07
0.564 2.30328e+07 5.80433e+07
0.566 2.29232e+07 5.81546e+07
0.568 2.28139e+07 5.82661e+07
0.57 2.2705e+07 5.83778e+07
0.572 2.25963e+07 5.84897e+07
0.574 2.2488e+07 5.86019e+07
0.576 2.238e+07 5.87142e+07
0.578 2.22723e+07 5.88268e+07
0.58 2.21649e+07 5.89396e+07
0.582 2.20578e+07 5.90526e+07
0.584 2.1951e+07 5.91658e+07
0.586 2.18445e+07 5.92792e+07
0.588 2.17384e+07 5.93929e+07
0.59 2.16324e+07 5.95068e+07
0.592 2.15268e+07 5.96209e+07
0.594 2.14216e+07 5.97352e+07
0.596 2.13165e+07 5.98497e+07
0.598 2.12118e+07 5.99644e+07
0.6 2.11074e+07 6.00794e+07
0.602 2.10032e+07 6.01946e+07
0.604 2.08994e+07 6.031e+07
0.606 2.07958e+07 6.04256e+07
0.608 2.06925e+07 6.05415e+07
0.61 2.05895e+07 6.06576e+07
0.612 2.04867e+07 6.07739e+07
0.614 2.03842e+07 6.08904e+07
0.616 2.0282e+07 6.10071e+07
0.618 2.01801e+07 6.11241e+07
0.62 2.00785e+07 6.12413e+07
0.622 1.99771e+07 6.13587e+07
0.624 1.98761e+07 6.14763e+07
0.626 1.97752e+07 6.15942e+07
0.628 1.96747e+07 6.17123e+07
0.63 1.95744e+07 6.18306e+07
0.632 1.94745e+07 6.19492e+07
0.634 1.93748e+07 6.20679e+07
0.636 1.92754e+07 6.21869e+07
0.638 1.91762e+07 6.23062e+07
0.64 1.90774e+07 6.24256e+07
0.642 1.89788e+07 6.25453e+07
0.644 1.88805e+07 6.26652e+07
0.646 1.87824e+07 6.27854e+07
0.648 1.86847e+07 6.29057e+07
0.65 1.85871e+07 6.30263e+07
0.652 1.84899e+07 6.31472e+07
0.654 1.83929e+07 6.32683e+07
0.656 1.82962e+07 6.33896e+07
0.658 1.81997e+07 6.35111e+07
0.66 1.81035e+07 6.36329e+07
0.662 1.80076e+07 6.37549e+07
0.664 1.79119e+07 6.38771e+07
0.666 1.78166e+07 6.39996e+07
0.668 1.77214e+07 6.41223e+07
0.67 1.76266e+07 6.42452e+07
0.672 1.75319e+07 6.43684e+07
0.674 1.74376e+07 6.44918e+07
0.676 1.73434e+07 6.46154e+07
0.678 1.72496e+07 6.47393e+07
0.68 1.71559e+07 6.48634e+07
0.682 1.70626e+07 6.49878e+07
0.684 1.69694e+07 6.51124e+07
0.686 1.68765e+07 6.52372e+07
0.688 1.67838e+07 6.53623e+07
0.69 1.66914e+07 6.54876e+07
0.692 1.65992e+07 6.56132e+07
0.694 1.65073e+07 6.5739e+07
0.696 1.64156e+07 6.5865e+07
0.698 1.63241e+07 6.59913e+07
0.7 1.62329e+07 6.61178e+07
0.702 1.6142e+07 6.62446e+07
0.704 1.60513e+07 6.63716e+07
0.706 1.59608e+07 6.64989e+07
0.708 1.58706e+07 6.66263e+07
0.71 1.57807e+07 6.67541e+07
0.712 1.5691e+07 6.68821e+07
0.714 1.56014e+07 6.70103e+07
0.716 1.55121e+07 6.71388e+07
0.718 1.54231e+07 6.72675e+07
0.72 1.53342e+07 6.73965e+07
0.722 1.52456e+07 6.75257e+07
0.724 1.51572e+07 6.76552e+07
0.726 1.5069e+07 6.77849e+07
0.728 1.49811e+07 6.79148e+07
0.73 1.48934e+07 6.8045e+07
0.732 1.48059e+07 6.81755e+07
0.734 1.47187e+07 6.83062e+07
0.736 1.46318e+07 6.84372e+07
0.738 1.45451e+07 6.85684e+07
0.74 1.44586e+07 6.86998e+07
0.742 1.43724e+07 6.88316e+07
0.744 1.42864e+07 6.89635e+07
0.746 1.42007e+07 6.90957e+07
0.748 1.41152e+07 6.92282e+07
0.75 1.403e+07 6.9361e+07
0.752 1.3945e+07 6.94939e+07
0.754 1.38603e+07 6.96272e+07
0.756 1.37758e+07 6.97607e+07
0.758 1.36916e+07 6.98944e+07
0.76 1.36076e+07 7.00284e+07
0.762 1.35238e+07 7.01627e+07
0.764 1.34403e+07 7.02972e+07
0.766 1.3357e+07 7.0432e+07
0.768 1.32739e+07 7.0567e+07
0.77 1.3191e+07 7.07023e+07
0.772 1.31084e+07 7.08379e+07
0.774 1.30259e+07 7.09737e+07
0.776 1.29437e+07 7.11098e+07
0.778 1.28617e+07 7.12461e+07
0.78 1.27799e+07 7.13827e+07
0.782 1.26982e+07 7.15196e+07
0.784 1.26168e+07 7.16567e+07
0.786 1.25355e+07 7.17941e+07
0.788 1.24545e+07 7.19317e+07
0.79 1.23737e+07 7.20696e+07
0.792 1.22932e+07 7.22078e+07
0.794 1.22128e+07 7.23462e+07
0.796 1.21327e+07 7.24849e+07
0.798 1.20528e+07 7.26239e+07
0.8 1.19731e+07 7.27632e+07
0.802 1.18936e+07 7.29027e+07
0.804 1.18143e+07 7.30424e+07
0.806 1.17352e+07 7.31825e+07
0.808 1.16563e+07 7.33228e+07
0.81 1.15776e+07 7.34634e+07
0.812 1.14991e+07 7.36042e+07
0.814 1.14208e+07 7.37453e+07
0.816 1.13427e+07 7.38867e+07
0.818 1.12648e+07 7.40284e+07
0.82 1.11871e+07 7.41703e+07
0.822 1.11096e+07 7.43125e+07
0.824 1.10323e+07 7.4455e+07
0.826 1.09552e+07 7.45977e+07
0.828 1.08782e+07 7.47408e+07
0.83 1.08015e+07 7.48841e+07
0.832 1.0725e+07 7.50276e+07
0.834 1.06487e+07 7.51715e+07
0.836 1.05727e+07 7.53156e+07
0.838 1.04968e+07 7.546e+07
0.84 1.04211e+07 7.56047e+07
0.842 1.03456e+07 7.57496e+07
0.844 1.02703e+07 7.58949e+07
0.846 1.01953e+07 7.60404e+07
0.848 1.01204e+07 7.61862e+07
0.85 1.00457e+07 7.63322e+07
0.852 9.97126e+06 7.64786e+07
0.854 9.89701e+06 7.66252e+07
0.856 9.82293e+06 7.67721e+07
0.858 9.74908e+06 7.69193e+07
0.86 9.6754e+06 7.70668e+07
0.862 9.60192e+06 7.72145e+07
0.864 9.52863e+06 7.73626e+07
0.866 9.45554e+06 7.75109e+07
0.868 9.38263e+06 7.76595e+07
0.87 9.30993e+06 7.78084e+07
0.872 9.23739e+06 7.79576e+07
0.874 9.16506e+06 7.81071e+07
0.876 9.09293e+06 7.82568e+07
0.878 9.02094e+06 7.84068e+07
0.88 8.94917e+06 7.85572e+07
0.882 8.87759e+06 7.87078e+07
0.884 8.80619e+06 7.88587e+07
0.886 8.73499e+06 7.90099e+07
0.888 8.66395e+06 7.91614e+07
0.89 8.5931e+06 7.93131e+07
0.892 8.52244e+06 7.94652e+07
0.894 8.45197e+06 7.96176e+07
0.896 8.38167e+06 7.97702e+07
0.898 8.31157e+06 7.99231e+07
0.9 8.24164e+06 8.00764e+07
0.902 8.1719e+06 8.02299e+07
0.904 8.10235e+06 8.03837e+07
0.906 8.03297e+06 8.05378e+07
0.908 7.96378e+06 8.06923e+07
0.91 7.89476e+06 8.0847e+07
0.912 7.82592e+06 8.1002e+07
0.914 7.75727e+06 8.11573e+07
0.916 7.6888e+06 8.13129e+07
0.918 7.62051e+06 8.14688e+07
0.92 7.55238e+06 8.1625e+07
0.922 7.48445e+06 8.17815e+07
0.924 7.41671e+06 8.19383e+07
0.926 7.34913e+06 8.20954e+07
0.928 7.28172e+06 8.22528e+07
0.93 7.2145e+06 8.24105e+07
0.932 7.14745e+06 8.25685e+07
0.934 7.08057e+06 8.27268e+07
0.936 7.01386e+06 8.28854e+07
0.938 6.94732e+06 8.30443e+07
0.94 6.88094e+06 8.32035e+07
0.942 6.81473e+06 8.3363e+07
0.944 6.74867e+06 8.35229e+07
0.946 6.6828e+06 8.3683e+07
0.948 6.61709e+06 8.38434e+07
0.95 6.55153e+06 8.40042e+07
0.952 6.48615e+06 8.41652e+07
0.954 6.42095e+06 8.43266e+07
0.956 6.3559e+06 8.44883e+07
0.958 6.29105e+06 8.46503e+07
0.96 6.22641e+06 8.48126e+07
0.962 6.16199e+06 8.49752e+07
0.964 6.09777e+06 8.51381e+07
0.966 6.03371e+06 8.53013e+07
0.968 5.96982e+06 8.54649e+07
0.97 5.90608e+06 8.56287e+07
0.972 5.84248e+06 8.57929e+07
0.974 5.77901e+06 8.59574e+07
0.976 5.71564e+06 8.61222e+07
0.978 5.6524e+06 8.62873e+07
0.98 5.58928e+06 8.64527e+07
0.982 5.52626e+06 8.66185e+07
0.984 5.46337e+06 8.67846e+07
0.986 5.4006e+06 8.6951e+07
0.988 5.33796e+06 8.71177e+07
0.99 5.27547e+06 8.72847e+07
0.992 5.21314e+06 8.7452e+07
0.994 5.15098e+06 8.76197e+07
0.996 5.08902e+06 8.77877e+07
0.998 5.02724e+06 8.7956e+07
1 4.96563e+06 8.81246e+07
1.002 4.90409e+06 8.82936e+07
1.004 4.84266e+06 8.84629e+07
1.006 4.78136e+06 8.86325e+07
1.008 4.72023e+06 8.88024e+07
1.01 4.65926e+06 8.89727e+07
1.012 4.59848e+06 8.91433e+07
1.014 4.53787e+06 8.93142e+07
1.016 4.47746e+06 8.94854e+07
1.018 4.41722e+06 8.9657e+07
1.02 4.35717e+06 8.98289e+07
1.022 4.29726e+06 9.00011e+07
1.024 4.23752e+06 9.01736e+07
1.026 4.17791e+06 9.03465e+07
1.028 4.11842e+06 9.05198e+07
1.03 4.05901e+06 9.06933e+07
1.032 3.9997e+06 9.08672e+07
1.034 3.94047e+06 9.10414e+07
1.036 3.88137e+06 9.1216e+07
1.038 3.82239e+06 9.13908e+07
1.04 3.76354e+06 9.15661e+07
1.042 3.70481e+06 9.17416e+07
1.044 3.64619e+06 9.19175e+07
1.046 3.5877e+06 9.20937e+07
1.048 3.5293e+06 9.22703e+07
1.05 3.47102e+06 9.24472e+07
1.052 3.41285e+06 9.26245e+07
1.054 3.35479e+06 9.2802e+07
1.056 3.29682e+06 9.298e+07
1.058 3.23896e+06 9.31582e+07
1.06 3.18121e+06 9.33368e+07
1.062 3.12354e+06 9.35158e+07
1.064 3.06595e+06 9.36951e+07
1.066 3.00843e+06 9.38747e+07
1.068 2.95102e+06 9.40547e+07
1.07 2.89372e+06 9.4235e+07
1.072 2.8365e+06 9.44157e+07
1.074 2.77938e+06 9.45967e+07
1.076 2.72235e+06 9.47781e+07
1.078 2.66539e+06 9.49598e+07
1.08 2.60849e+06 9.51419e+07
1.082 2.55163e+06 9.53243e+07
1.084 2.49482e+06 9.5507e+07
1.086 2.43806e+06 9.56902e+07
1.088 2.38135e+06 9.58736e+07
1.09 2.32468e+06 9.60574e+07
1.092 2.26803e+06 9.62416e+07
1.094 2.2114e+06 9.64261e+07
1.096 2.15478e+06 9.6611e+07
1.098 2.09816e+06 9.67962e+07
1.1 2.04154e+06 9.69818e+07
1.102 1.98492e+06 9.71677e+07
1.104 1.92827e+06 9.7354e+07
1.106 1.87158e+06 9.75407e+07
1.108 1.81485e+06 9.77277e+07
1.11 1.75807e+06 9.79151e+07
1.112 1.70124e+06 9.81028e+07
1.114 1.64432e+06 9.82909e+07
1.116 1.58728e+06 9.84793e+07
1.118 1.53011e+06 9.86682e+07
1.12 1.4728e+06 9.88573e+07
1.122 1.41529e+06 9.90469e+07
1.124 1.35757e+06 9.92368e+07
1.126 1.29959e+06 9.9427e+07
1.128 1.24134e+06 9.96176e+07
1.13 1.18278e+06 9.98086e+07
1.132 1.46099e+07 3.16228e+09
1.134 1.06216e+06 9.36329e+07
1.136 999987 8.76712e+07
1.138 937288 8.20891e+07
1.14 873963 7.68625e+07
1.142 809833 7.19686e+07
1.144 744784 6.73863e+07
1.146 678412 6.30957e+07
1.148 610570 5.90784e+07
1.15 540760 5.53168e+07
1.152 468326 5.17947e+07
1.154 392312 4.84969e+07
1.156 310955 4.54091e+07
1.158 220562 4.25179e+07
1.16 109488 3.98107e+07
