# M    R    Rdot     T      X_He     X_C    X_O    X_Ne    X_Mg    X_Si    X_Ni
# Energy = -3.75015e+50 ergs
1.98855e+31 2.21662e+07 0 6.30957e+07 0 0.5 0.5 0 0 0 0
1.98855e+31 2.80721e+07 0 6.30558e+07 0 0.5 0.5 0 0 0 0
1.98855e+31 3.22965e+07 0 6.30158e+07 0 0.5 0.5 0 0 0 0
1.98855e+31 3.57208e+07 0 6.29759e+07 0 0.5 0.5 0 0 0 0
1.98855e+31 3.86618e+07 0 6.2936e+07 0 0.5 0.5 0 0 0 0
1.98855e+31 4.12742e+07 0 6.28961e+07 0 0.5 0.5 0 0 0 0
1.98855e+31 4.36465e+07 0 6.28563e+07 0 0.5 0.5 0 0 0 0
1.98855e+31 4.58346e+07 0 6.28165e+07 0 0.5 0.5 0 0 0 0
1.98855e+31 4.78765e+07 0 6.27767e+07 0 0.5 0.5 0 0 0 0
1.98855e+31 4.97991e+07 0 6.27369e+07 0 0.5 0.5 0 0 0 0
1.98855e+31 5.16224e+07 0 6.26971e+07 0 0.5 0.5 0 0 0 0
1.98855e+31 5.33617e+07 0 6.26574e+07 0 0.5 0.5 0 0 0 0
1.98855e+31 5.50288e+07 0 6.26177e+07 0 0.5 0.5 0 0 0 0
1.98855e+31 5.66334e+07 0 6.2578e+07 0 0.5 0.5 0 0 0 0
1.98855e+31 5.81831e+07 0 6.25384e+07 0 0.5 0.5 0 0 0 0
1.98855e+31 5.96845e+07 0 6.24988e+07 0 0.5 0.5 0 0 0 0
1.98855e+31 6.11429e+07 0 6.24592e+07 0 0.5 0.5 0 0 0 0
1.98855e+31 6.2563e+07 0 6.24196e+07 0 0.5 0.5 0 0 0 0
1.98855e+31 6.39485e+07 0 6.23801e+07 0 0.5 0.5 0 0 0 0
1.98855e+31 6.53028e+07 0 6.23406e+07 0 0.5 0.5 0 0 0 0
1.98855e+31 6.6629e+07 0 6.23011e+07 0 0.5 0.5 0 0 0 0
1.98855e+31 6.79295e+07 0 6.22616e+07 0 0.5 0.5 0 0 0 0
1.98855e+31 6.92066e+07 0 6.22221e+07 0 0.5 0.5 0 0 0 0
1.98855e+31 7.04625e+07 0 6.21827e+07 0 0.5 0.5 0 0 0 0
1.98855e+31 7.16988e+07 0 6.21433e+07 0 0.5 0.5 0 0 0 0
1.98855e+31 7.29172e+07 0 6.2104e+07 0 0.5 0.5 0 0 0 0
1.98855e+31 7.41192e+07 0 6.20646e+07 0 0.5 0.5 0 0 0 0
1.98855e+31 7.53062e+07 0 6.20253e+07 0 0.5 0.5 0 0 0 0
1.98855e+31 7.64793e+07 0 6.1986e+07 0 0.5 0.5 0 0 0 0
1.98855e+31 7.76396e+07 0 6.19467e+07 0 0.5 0.5 0 0 0 0
1.98855e+31 7.87882e+07 0 6.19075e+07 0 0.5 0.5 0 0 0 0
1.98855e+31 7.9926e+07 0 6.18683e+07 0 0.5 0.5 0 0 0 0
1.98855e+31 8.10539e+07 0 6.18291e+07 0 0.5 0.5 0 0 0 0
1.98855e+31 8.21727e+07 0 6.17899e+07 0 0.5 0.5 0 0 0 0
1.98855e+31 8.32831e+07 0 6.17507e+07 0 0.5 0.5 0 0 0 0
1.98855e+31 8.43859e+07 0 6.17116e+07 0 0.5 0.5 0 0 0 0
1.98855e+31 8.54817e+07 0 6.16725e+07 0 0.5 0.5 0 0 0 0
1.98855e+31 8.65711e+07 0 6.16335e+07 0 0.5 0.5 0 0 0 0
1.98855e+31 8.76548e+07 0 6.15944e+07 0 0.5 0.5 0 0 0 0
1.98855e+31 8.87333e+07 0 6.15554e+07 0 0.5 0.5 0 0 0 0
1.98855e+31 8.98071e+07 0 6.15164e+07 0 0.5 0.5 0 0 0 0
1.98855e+31 9.08768e+07 0 6.14774e+07 0 0.5 0.5 0 0 0 0
1.98855e+31 9.19428e+07 0 6.14385e+07 0 0.5 0.5 0 0 0 0
1.98855e+31 9.30056e+07 0 6.13995e+07 0 0.5 0.5 0 0 0 0
1.98855e+31 9.40657e+07 0 6.13606e+07 0 0.5 0.5 0 0 0 0
1.98855e+31 9.51235e+07 0 6.13218e+07 0 0.5 0.5 0 0 0 0
1.98855e+31 9.61793e+07 0 6.12829e+07 0 0.5 0.5 0 0 0 0
1.98855e+31 9.72337e+07 0 6.12441e+07 0 0.5 0.5 0 0 0 0
1.98855e+31 9.82869e+07 0 6.12053e+07 0 0.5 0.5 0 0 0 0
1.98855e+31 9.93394e+07 0 6.11665e+07 0 0.5 0.5 0 0 0 0
1.98855e+31 1.00391e+08 0 6.11278e+07 0 0.5 0.5 0 0 0 0
1.98855e+31 1.01443e+08 0 6.1089e+07 0 0.5 0.5 0 0 0 0
1.98855e+31 1.02496e+08 0 6.10503e+07 0 0.5 0.5 0 0 0 0
1.98855e+31 1.03549e+08 0 6.10117e+07 0 0.5 0.5 0 0 0 0
1.98855e+31 1.04603e+08 0 6.0973e+07 0 0.5 0.5 0 0 0 0
1.98855e+31 1.05658e+08 0 6.09344e+07 0 0.5 0.5 0 0 0 0
1.98855e+31 1.06716e+08 0 6.08958e+07 0 0.5 0.5 0 0 0 0
1.98855e+31 1.07775e+08 0 6.08572e+07 0 0.5 0.5 0 0 0 0
1.98855e+31 1.08837e+08 0 6.08186e+07 0 0.5 0.5 0 0 0 0
1.98855e+31 1.09902e+08 0 6.07801e+07 0 0.5 0.5 0 0 0 0
1.98855e+31 1.1097e+08 0 6.07416e+07 0 0.5 0.5 0 0 0 0
1.98855e+31 1.12042e+08 0 6.07031e+07 0 0.5 0.5 0 0 0 0
1.98855e+31 1.13117e+08 0 6.06647e+07 0 0.5 0.5 0 0 0 0
1.98855e+31 1.14196e+08 0 6.06262e+07 0 0.5 0.5 0 0 0 0
1.98855e+31 1.1528e+08 0 6.05878e+07 0 0.5 0.5 0 0 0 0
1.98855e+31 1.16369e+08 0 6.05494e+07 0 0.5 0.5 0 0 0 0
1.98855e+31 1.17463e+08 0 6.05111e+07 0 0.5 0.5 0 0 0 0
1.98855e+31 1.18562e+08 0 6.04727e+07 0 0.5 0.5 0 0 0 0
1.98855e+31 1.19667e+08 0 6.04344e+07 0 0.5 0.5 0 0 0 0
1.98855e+31 1.20779e+08 0 6.03961e+07 0 0.5 0.5 0 0 0 0
1.98855e+31 1.21897e+08 0 6.03579e+07 0 0.5 0.5 0 0 0 0
1.98855e+31 1.23022e+08 0 6.03196e+07 0 0.5 0.5 0 0 0 0
1.98855e+31 1.24155e+08 0 6.02814e+07 0 0.5 0.5 0 0 0 0
1.98855e+31 1.25296e+08 0 6.02432e+07 0 0.5 0.5 0 0 0 0
1.98855e+31 1.26445e+08 0 6.02051e+07 0 0.5 0.5 0 0 0 0
1.98855e+31 1.27603e+08 0 6.01669e+07 0 0.5 0.5 0 0 0 0
1.98855e+31 1.2877e+08 0 6.01288e+07 0 0.5 0.5 0 0 0 0
1.98855e+31 1.29947e+08 0 6.00907e+07 0 0.5 0.5 0 0 0 0
1.98855e+31 1.31134e+08 0 6.00526e+07 0 0.5 0.5 0 0 0 0
1.98855e+31 1.32332e+08 0 6.00146e+07 0 0.5 0.5 0 0 0 0
1.98855e+31 1.33541e+08 0 5.99766e+07 0 0.5 0.5 0 0 0 0
1.98855e+31 1.34762e+08 0 5.99386e+07 0 0.5 0.5 0 0 0 0
1.98855e+31 1.35995e+08 0 5.99006e+07 0 0.5 0.5 0 0 0 0
1.98855e+31 1.37241e+08 0 5.98627e+07 0 0.5 0.5 0 0 0 0
1.98855e+31 1.38501e+08 0 5.98247e+07 0 0.5 0.5 0 0 0 0
1.98855e+31 1.39776e+08 0 5.97868e+07 0 0.5 0.5 0 0 0 0
1.98855e+31 1.41065e+08 0 5.97489e+07 0 0.5 0.5 0 0 0 0
1.98855e+31 1.42371e+08 0 5.97111e+07 0 0.5 0.5 0 0 0 0
1.98855e+31 1.43692e+08 0 5.96733e+07 0 0.5 0.5 0 0 0 0
1.98855e+31 1.45032e+08 0 5.96355e+07 0 0.5 0.5 0 0 0 0
1.98855e+31 1.46389e+08 0 5.95977e+07 0 0.5 0.5 0 0 0 0
1.98855e+31 1.47766e+08 0 5.95599e+07 0 0.5 0.5 0 0 0 0
1.98855e+31 1.49163e+08 0 5.95222e+07 0 0.5 0.5 0 0 0 0
1.98855e+31 1.50582e+08 0 5.94845e+07 0 0.5 0.5 0 0 0 0
1.98855e+31 1.52023e+08 0 5.94468e+07 0 0.5 0.5 0 0 0 0
1.98855e+31 1.53488e+08 0 5.94091e+07 0 0.5 0.5 0 0 0 0
1.98855e+31 1.54978e+08 0 5.93715e+07 0 0.5 0.5 0 0 0 0
1.98855e+31 1.56494e+08 0 5.93339e+07 0 0.5 0.5 0 0 0 0
1.98855e+31 1.58038e+08 0 5.92963e+07 0 0.5 0.5 0 0 0 0
1.98855e+31 1.59612e+08 0 5.92587e+07 0 0.5 0.5 0 0 0 0
1.98855e+31 1.61217e+08 0 5.92212e+07 0 0.5 0.5 0 0 0 0
1.98855e+31 1.62856e+08 0 5.91837e+07 0 0.5 0.5 0 0 0 0
1.98855e+31 1.64529e+08 0 5.91462e+07 0 0.5 0.5 0 0 0 0
1.98855e+31 1.66241e+08 0 5.91087e+07 0 0.5 0.5 0 0 0 0
1.98855e+31 1.67993e+08 0 5.90712e+07 0 0.5 0.5 0 0 0 0
1.98855e+31 1.69788e+08 0 5.90338e+07 0 0.5 0.5 0 0 0 0
1.98855e+31 1.71629e+08 0 5.89964e+07 0 0.5 0.5 0 0 0 0
1.98855e+31 1.73519e+08 0 5.8959e+07 0 0.5 0.5 0 0 0 0
1.98855e+31 1.75463e+08 0 5.89217e+07 0 0.5 0.5 0 0 0 0
1.98855e+31 1.7687e+08 0 3.16228e+09 1 0 0 0 0 0 0
1.98855e+31 1.78949e+08 0 5.88471e+07 1 0 0 0 0 0 0
1.98855e+31 1.81098e+08 0 5.88098e+07 1 0 0 0 0 0 0
1.98855e+31 1.83322e+08 0 5.87725e+07 1 0 0 0 0 0 0
1.98855e+31 1.85631e+08 0 5.87353e+07 1 0 0 0 0 0 0
1.98855e+31 1.88031e+08 0 5.86981e+07 1 0 0 0 0 0 0
1.98855e+31 1.90534e+08 0 5.86609e+07 1 0 0 0 0 0 0
1.98855e+31 1.9315e+08 0 5.86237e+07 1 0 0 0 0 0 0
1.98855e+31 1.95895e+08 0 5.85866e+07 1 0 0 0 0 0 0
1.98855e+31 1.98784e+08 0 5.85495e+07 1 0 0 0 0 0 0
1.98855e+31 2.0184e+08 0 5.85124e+07 1 0 0 0 0 0 0
1.98855e+31 2.05088e+08 0 5.84753e+07 1 0 0 0 0 0 0
1.98855e+31 2.08562e+08 0 5.84383e+07 1 0 0 0 0 0 0
1.98855e+31 2.12304e+08 0 5.84012e+07 1 0 0 0 0 0 0
1.98855e+31 2.16374e+08 0 5.83642e+07 1 0 0 0 0 0 0
1.98855e+31 2.20853e+08 0 5.83273e+07 1 0 0 0 0 0 0
1.98855e+31 2.25858e+08 0 5.82903e+07 1 0 0 0 0 0 0
1.98855e+31 2.31574e+08 0 5.82534e+07 1 0 0 0 0 0 0
1.98855e+31 2.38322e+08 0 5.82165e+07 1 0 0 0 0 0 0
1.98855e+31 2.46725e+08 0 5.81796e+07 1 0 0 0 0 0 0
1.98855e+31 2.58386e+08 0 5.81427e+07 1 0 0 0 0 0 0
1.98855e+31 2.81092e+08 0 3.54813e+07 1 0 0 0 0 0 0
