# M    R    Rdot     T      X_He     X_C    X_O    X_Ne    X_Mg    X_Si    X_Ni
# Energy = -2.50173e+50 ergs
3.9771e+30 2.23987e+07 0 3.38844e+07 0 0.5 0.5 0 0 0 0
3.9771e+30 2.83025e+07 0 3.39494e+07 0 0.5 0.5 0 0 0 0
3.9771e+30 3.24719e+07 0 3.40145e+07 0 0.5 0.5 0 0 0 0
3.9771e+30 3.58113e+07 0 3.40797e+07 0 0.5 0.5 0 0 0 0
3.9771e+30 3.86469e+07 0 3.4145e+07 0 0.5 0.5 0 0 0 0
3.9771e+30 4.11383e+07 0 3.42105e+07 0 0.5 0.5 0 0 0 0
3.9771e+30 4.33771e+07 0 3.42761e+07 0 0.5 0.5 0 0 0 0
3.9771e+30 4.54212e+07 0 3.43418e+07 0 0.5 0.5 0 0 0 0
3.9771e+30 4.73097e+07 0 3.44076e+07 0 0.5 0.5 0 0 0 0
3.9771e+30 4.90706e+07 0 3.44736e+07 0 0.5 0.5 0 0 0 0
3.9771e+30 5.07247e+07 0 3.45397e+07 0 0.5 0.5 0 0 0 0
3.9771e+30 5.22877e+07 0 3.46059e+07 0 0.5 0.5 0 0 0 0
3.9771e+30 5.3772e+07 0 3.46723e+07 0 0.5 0.5 0 0 0 0
3.9771e+30 5.51876e+07 0 3.47387e+07 0 0.5 0.5 0 0 0 0
3.9771e+30 5.65424e+07 0 3.48054e+07 0 0.5 0.5 0 0 0 0
3.9771e+30 5.78431e+07 0 3.48721e+07 0 0.5 0.5 0 0 0 0
3.9771e+30 5.90953e+07 0 3.49389e+07 0 0.5 0.5 0 0 0 0
3.9771e+30 6.03037e+07 0 3.50059e+07 0 0.5 0.5 0 0 0 0
3.9771e+30 6.14723e+07 0 3.5073e+07 0 0.5 0.5 0 0 0 0
3.9771e+30 6.26045e+07 0 3.51403e+07 0 0.5 0.5 0 0 0 0
3.9771e+30 6.37034e+07 0 3.52077e+07 0 0.5 0.5 0 0 0 0
3.9771e+30 6.47716e+07 0 3.52752e+07 0 0.5 0.5 0 0 0 0
3.9771e+30 6.58114e+07 0 3.53428e+07 0 0.5 0.5 0 0 0 0
3.9771e+30 6.68248e+07 0 3.54106e+07 0 0.5 0.5 0 0 0 0
3.9771e+30 6.78137e+07 0 3.54784e+07 0 0.5 0.5 0 0 0 0
3.9771e+30 6.87798e+07 0 3.55465e+07 0 0.5 0.5 0 0 0 0
3.9771e+30 6.97244e+07 0 3.56146e+07 0 0.5 0.5 0 0 0 0
3.9771e+30 7.06489e+07 0 3.56829e+07 0 0.5 0.5 0 0 0 0
3.9771e+30 7.15546e+07 0 3.57513e+07 0 0.5 0.5 0 0 0 0
3.9771e+30 7.24425e+07 0 3.58199e+07 0 0.5 0.5 0 0 0 0
3.9771e+30 7.33135e+07 0 3.58885e+07 0 0.5 0.5 0 0 0 0
3.9771e+30 7.41687e+07 0 3.59573e+07 0 0.5 0.5 0 0 0 0
3.9771e+30 7.50088e+07 0 3.60263e+07 0 0.5 0.5 0 0 0 0
3.9771e+30 7.58346e+07 0 3.60954e+07 0 0.5 0.5 0 0 0 0
3.9771e+30 7.66468e+07 0 3.61646e+07 0 0.5 0.5 0 0 0 0
3.9771e+30 7.74461e+07 0 3.62339e+07 0 0.5 0.5 0 0 0 0
3.9771e+30 7.82331e+07 0 3.63034e+07 0 0.5 0.5 0 0 0 0
3.9771e+30 7.90083e+07 0 3.6373e+07 0 0.5 0.5 0 0 0 0
3.9771e+30 7.97723e+07 0 3.64427e+07 0 0.5 0.5 0 0 0 0
3.9771e+30 8.05256e+07 0 3.65126e+07 0 0.5 0.5 0 0 0 0
3.9771e+30 8.12685e+07 0 3.65826e+07 0 0.5 0.5 0 0 0 0
3.9771e+30 8.20017e+07 0 3.66527e+07 0 0.5 0.5 0 0 0 0
3.9771e+30 8.27253e+07 0 3.6723e+07 0 0.5 0.5 0 0 0 0
3.9771e+30 8.34399e+07 0 3.67934e+07 0 0.5 0.5 0 0 0 0
3.9771e+30 8.41458e+07 0 3.68639e+07 0 0.5 0.5 0 0 0 0
3.9771e+30 8.48433e+07 0 3.69346e+07 0 0.5 0.5 0 0 0 0
3.9771e+30 8.55327e+07 0 3.70054e+07 0 0.5 0.5 0 0 0 0
3.9771e+30 8.62143e+07 0 3.70764e+07 0 0.5 0.5 0 0 0 0
3.9771e+30 8.68884e+07 0 3.71475e+07 0 0.5 0.5 0 0 0 0
3.9771e+30 8.75552e+07 0 3.72187e+07 0 0.5 0.5 0 0 0 0
3.9771e+30 8.82151e+07 0 3.729e+07 0 0.5 0.5 0 0 0 0
3.9771e+30 8.88682e+07 0 3.73615e+07 0 0.5 0.5 0 0 0 0
3.9771e+30 8.95148e+07 0 3.74332e+07 0 0.5 0.5 0 0 0 0
3.9771e+30 9.01551e+07 0 3.75049e+07 0 0.5 0.5 0 0 0 0
3.9771e+30 9.07893e+07 0 3.75768e+07 0 0.5 0.5 0 0 0 0
3.9771e+30 9.14175e+07 0 3.76489e+07 0 0.5 0.5 0 0 0 0
3.9771e+30 9.20401e+07 0 3.77211e+07 0 0.5 0.5 0 0 0 0
3.9771e+30 9.2657e+07 0 3.77934e+07 0 0.5 0.5 0 0 0 0
3.9771e+30 9.32686e+07 0 3.78659e+07 0 0.5 0.5 0 0 0 0
3.9771e+30 9.3875e+07 0 3.79385e+07 0 0.5 0.5 0 0 0 0
3.9771e+30 9.44762e+07 0 3.80112e+07 0 0.5 0.5 0 0 0 0
3.9771e+30 9.50726e+07 0 3.80841e+07 0 0.5 0.5 0 0 0 0
3.9771e+30 9.56641e+07 0 3.81571e+07 0 0.5 0.5 0 0 0 0
3.9771e+30 9.62511e+07 0 3.82302e+07 0 0.5 0.5 0 0 0 0
3.9771e+30 9.68334e+07 0 3.83035e+07 0 0.5 0.5 0 0 0 0
3.9771e+30 9.74114e+07 0 3.8377e+07 0 0.5 0.5 0 0 0 0
3.9771e+30 9.79851e+07 0 3.84506e+07 0 0.5 0.5 0 0 0 0
3.9771e+30 9.85546e+07 0 3.85243e+07 0 0.5 0.5 0 0 0 0
3.9771e+30 9.91201e+07 0 3.85981e+07 0 0.5 0.5 0 0 0 0
3.9771e+30 9.96816e+07 0 3.86721e+07 0 0.5 0.5 0 0 0 0
3.9771e+30 1.00239e+08 0 3.87463e+07 0 0.5 0.5 0 0 0 0
3.9771e+30 1.00793e+08 0 3.88206e+07 0 0.5 0.5 0 0 0 0
3.9771e+30 1.01343e+08 0 3.8895e+07 0 0.5 0.5 0 0 0 0
3.9771e+30 1.0189e+08 0 3.89696e+07 0 0.5 0.5 0 0 0 0
3.9771e+30 1.02433e+08 0 3.90443e+07 0 0.5 0.5 0 0 0 0
3.9771e+30 1.02973e+08 0 3.91191e+07 0 0.5 0.5 0 0 0 0
3.9771e+30 1.0351e+08 0 3.91941e+07 0 0.5 0.5 0 0 0 0
3.9771e+30 1.04043e+08 0 3.92693e+07 0 0.5 0.5 0 0 0 0
3.9771e+30 1.04573e+08 0 3.93446e+07 0 0.5 0.5 0 0 0 0
3.9771e+30 1.051e+08 0 3.942e+07 0 0.5 0.5 0 0 0 0
3.9771e+30 1.05624e+08 0 3.94956e+07 0 0.5 0.5 0 0 0 0
3.9771e+30 1.06145e+08 0 3.95713e+07 0 0.5 0.5 0 0 0 0
3.9771e+30 1.06663e+08 0 3.96472e+07 0 0.5 0.5 0 0 0 0
3.9771e+30 1.07179e+08 0 3.97232e+07 0 0.5 0.5 0 0 0 0
3.9771e+30 1.07691e+08 0 3.97994e+07 0 0.5 0.5 0 0 0 0
3.9771e+30 1.08201e+08 0 3.98757e+07 0 0.5 0.5 0 0 0 0
3.9771e+30 1.08708e+08 0 3.99521e+07 0 0.5 0.5 0 0 0 0
3.9771e+30 1.09213e+08 0 4.00287e+07 0 0.5 0.5 0 0 0 0
3.9771e+30 1.09715e+08 0 4.01055e+07 0 0.5 0.5 0 0 0 0
3.9771e+30 1.10215e+08 0 4.01824e+07 0 0.5 0.5 0 0 0 0
3.9771e+30 1.10712e+08 0 4.02594e+07 0 0.5 0.5 0 0 0 0
3.9771e+30 1.11207e+08 0 4.03366e+07 0 0.5 0.5 0 0 0 0
3.9771e+30 1.117e+08 0 4.04139e+07 0 0.5 0.5 0 0 0 0
3.9771e+30 1.1219e+08 0 4.04914e+07 0 0.5 0.5 0 0 0 0
3.9771e+30 1.12678e+08 0 4.0569e+07 0 0.5 0.5 0 0 0 0
3.9771e+30 1.13164e+08 0 4.06468e+07 0 0.5 0.5 0 0 0 0
3.9771e+30 1.13648e+08 0 4.07247e+07 0 0.5 0.5 0 0 0 0
3.9771e+30 1.1413e+08 0 4.08028e+07 0 0.5 0.5 0 0 0 0
3.9771e+30 1.1461e+08 0 4.08811e+07 0 0.5 0.5 0 0 0 0
3.9771e+30 1.15087e+08 0 4.09594e+07 0 0.5 0.5 0 0 0 0
3.9771e+30 1.15563e+08 0 4.1038e+07 0 0.5 0.5 0 0 0 0
3.9771e+30 1.16037e+08 0 4.11166e+07 0 0.5 0.5 0 0 0 0
3.9771e+30 1.16509e+08 0 4.11955e+07 0 0.5 0.5 0 0 0 0
3.9771e+30 1.16979e+08 0 4.12745e+07 0 0.5 0.5 0 0 0 0
3.9771e+30 1.17447e+08 0 4.13536e+07 0 0.5 0.5 0 0 0 0
3.9771e+30 1.17913e+08 0 4.14329e+07 0 0.5 0.5 0 0 0 0
3.9771e+30 1.18378e+08 0 4.15123e+07 0 0.5 0.5 0 0 0 0
3.9771e+30 1.18841e+08 0 4.15919e+07 0 0.5 0.5 0 0 0 0
3.9771e+30 1.19302e+08 0 4.16717e+07 0 0.5 0.5 0 0 0 0
3.9771e+30 1.19762e+08 0 4.17515e+07 0 0.5 0.5 0 0 0 0
3.9771e+30 1.2022e+08 0 4.18316e+07 0 0.5 0.5 0 0 0 0
3.9771e+30 1.20676e+08 0 4.19118e+07 0 0.5 0.5 0 0 0 0
3.9771e+30 1.21131e+08 0 4.19922e+07 0 0.5 0.5 0 0 0 0
3.9771e+30 1.21585e+08 0 4.20727e+07 0 0.5 0.5 0 0 0 0
3.9771e+30 1.22036e+08 0 4.21533e+07 0 0.5 0.5 0 0 0 0
3.9771e+30 1.22487e+08 0 4.22341e+07 0 0.5 0.5 0 0 0 0
3.9771e+30 1.22936e+08 0 4.23151e+07 0 0.5 0.5 0 0 0 0
3.9771e+30 1.23383e+08 0 4.23962e+07 0 0.5 0.5 0 0 0 0
3.9771e+30 1.23829e+08 0 4.24775e+07 0 0.5 0.5 0 0 0 0
3.9771e+30 1.24274e+08 0 4.2559e+07 0 0.5 0.5 0 0 0 0
3.9771e+30 1.24717e+08 0 4.26406e+07 0 0.5 0.5 0 0 0 0
3.9771e+30 1.25159e+08 0 4.27223e+07 0 0.5 0.5 0 0 0 0
3.9771e+30 1.256e+08 0 4.28042e+07 0 0.5 0.5 0 0 0 0
3.9771e+30 1.26039e+08 0 4.28863e+07 0 0.5 0.5 0 0 0 0
3.9771e+30 1.26478e+08 0 4.29685e+07 0 0.5 0.5 0 0 0 0
3.9771e+30 1.26915e+08 0 4.30509e+07 0 0.5 0.5 0 0 0 0
3.9771e+30 1.2735e+08 0 4.31334e+07 0 0.5 0.5 0 0 0 0
3.9771e+30 1.27785e+08 0 4.32161e+07 0 0.5 0.5 0 0 0 0
3.9771e+30 1.28218e+08 0 4.3299e+07 0 0.5 0.5 0 0 0 0
3.9771e+30 1.28651e+08 0 4.3382e+07 0 0.5 0.5 0 0 0 0
3.9771e+30 1.29082e+08 0 4.34652e+07 0 0.5 0.5 0 0 0 0
3.9771e+30 1.29512e+08 0 4.35485e+07 0 0.5 0.5 0 0 0 0
3.9771e+30 1.29941e+08 0 4.3632e+07 0 0.5 0.5 0 0 0 0
3.9771e+30 1.30368e+08 0 4.37157e+07 0 0.5 0.5 0 0 0 0
3.9771e+30 1.30795e+08 0 4.37995e+07 0 0.5 0.5 0 0 0 0
3.9771e+30 1.31221e+08 0 4.38835e+07 0 0.5 0.5 0 0 0 0
3.9771e+30 1.31646e+08 0 4.39676e+07 0 0.5 0.5 0 0 0 0
3.9771e+30 1.3207e+08 0 4.40519e+07 0 0.5 0.5 0 0 0 0
3.9771e+30 1.32492e+08 0 4.41364e+07 0 0.5 0.5 0 0 0 0
3.9771e+30 1.32914e+08 0 4.4221e+07 0 0.5 0.5 0 0 0 0
3.9771e+30 1.33335e+08 0 4.43058e+07 0 0.5 0.5 0 0 0 0
3.9771e+30 1.33755e+08 0 4.43907e+07 0 0.5 0.5 0 0 0 0
3.9771e+30 1.34174e+08 0 4.44758e+07 0 0.5 0.5 0 0 0 0
3.9771e+30 1.34592e+08 0 4.45611e+07 0 0.5 0.5 0 0 0 0
3.9771e+30 1.35009e+08 0 4.46465e+07 0 0.5 0.5 0 0 0 0
3.9771e+30 1.35426e+08 0 4.47321e+07 0 0.5 0.5 0 0 0 0
3.9771e+30 1.35841e+08 0 4.48179e+07 0 0.5 0.5 0 0 0 0
3.9771e+30 1.36256e+08 0 4.49038e+07 0 0.5 0.5 0 0 0 0
3.9771e+30 1.3667e+08 0 4.49899e+07 0 0.5 0.5 0 0 0 0
3.9771e+30 1.37083e+08 0 4.50762e+07 0 0.5 0.5 0 0 0 0
3.9771e+30 1.37495e+08 0 4.51626e+07 0 0.5 0.5 0 0 0 0
3.9771e+30 1.37907e+08 0 4.52492e+07 0 0.5 0.5 0 0 0 0
3.9771e+30 1.38318e+08 0 4.53359e+07 0 0.5 0.5 0 0 0 0
3.9771e+30 1.38728e+08 0 4.54228e+07 0 0.5 0.5 0 0 0 0
3.9771e+30 1.39137e+08 0 4.55099e+07 0 0.5 0.5 0 0 0 0
3.9771e+30 1.39546e+08 0 4.55972e+07 0 0.5 0.5 0 0 0 0
3.9771e+30 1.39953e+08 0 4.56846e+07 0 0.5 0.5 0 0 0 0
3.9771e+30 1.40361e+08 0 4.57722e+07 0 0.5 0.5 0 0 0 0
3.9771e+30 1.40767e+08 0 4.586e+07 0 0.5 0.5 0 0 0 0
3.9771e+30 1.41173e+08 0 4.59479e+07 0 0.5 0.5 0 0 0 0
3.9771e+30 1.41578e+08 0 4.6036e+07 0 0.5 0.5 0 0 0 0
3.9771e+30 1.41982e+08 0 4.61242e+07 0 0.5 0.5 0 0 0 0
3.9771e+30 1.42386e+08 0 4.62127e+07 0 0.5 0.5 0 0 0 0
3.9771e+30 1.4279e+08 0 4.63013e+07 0 0.5 0.5 0 0 0 0
3.9771e+30 1.43192e+08 0 4.639e+07 0 0.5 0.5 0 0 0 0
3.9771e+30 1.43594e+08 0 4.6479e+07 0 0.5 0.5 0 0 0 0
3.9771e+30 1.43996e+08 0 4.65681e+07 0 0.5 0.5 0 0 0 0
3.9771e+30 1.44396e+08 0 4.66574e+07 0 0.5 0.5 0 0 0 0
3.9771e+30 1.44797e+08 0 4.67468e+07 0 0.5 0.5 0 0 0 0
3.9771e+30 1.45197e+08 0 4.68365e+07 0 0.5 0.5 0 0 0 0
3.9771e+30 1.45596e+08 0 4.69263e+07 0 0.5 0.5 0 0 0 0
3.9771e+30 1.45994e+08 0 4.70162e+07 0 0.5 0.5 0 0 0 0
3.9771e+30 1.46393e+08 0 4.71064e+07 0 0.5 0.5 0 0 0 0
3.9771e+30 1.4679e+08 0 4.71967e+07 0 0.5 0.5 0 0 0 0
3.9771e+30 1.47187e+08 0 4.72872e+07 0 0.5 0.5 0 0 0 0
3.9771e+30 1.47584e+08 0 4.73778e+07 0 0.5 0.5 0 0 0 0
3.9771e+30 1.4798e+08 0 4.74687e+07 0 0.5 0.5 0 0 0 0
3.9771e+30 1.48376e+08 0 4.75597e+07 0 0.5 0.5 0 0 0 0
3.9771e+30 1.48771e+08 0 4.76509e+07 0 0.5 0.5 0 0 0 0
3.9771e+30 1.49166e+08 0 4.77422e+07 0 0.5 0.5 0 0 0 0
3.9771e+30 1.4956e+08 0 4.78338e+07 0 0.5 0.5 0 0 0 0
3.9771e+30 1.49954e+08 0 4.79255e+07 0 0.5 0.5 0 0 0 0
3.9771e+30 1.50347e+08 0 4.80174e+07 0 0.5 0.5 0 0 0 0
3.9771e+30 1.5074e+08 0 4.81094e+07 0 0.5 0.5 0 0 0 0
3.9771e+30 1.51133e+08 0 4.82017e+07 0 0.5 0.5 0 0 0 0
3.9771e+30 1.51525e+08 0 4.82941e+07 0 0.5 0.5 0 0 0 0
3.9771e+30 1.51917e+08 0 4.83867e+07 0 0.5 0.5 0 0 0 0
3.9771e+30 1.52308e+08 0 4.84794e+07 0 0.5 0.5 0 0 0 0
3.9771e+30 1.527e+08 0 4.85724e+07 0 0.5 0.5 0 0 0 0
3.9771e+30 1.5309e+08 0 4.86655e+07 0 0.5 0.5 0 0 0 0
3.9771e+30 1.53481e+08 0 4.87588e+07 0 0.5 0.5 0 0 0 0
3.9771e+30 1.53871e+08 0 4.88523e+07 0 0.5 0.5 0 0 0 0
3.9771e+30 1.5426e+08 0 4.8946e+07 0 0.5 0.5 0 0 0 0
3.9771e+30 1.5465e+08 0 4.90398e+07 0 0.5 0.5 0 0 0 0
3.9771e+30 1.55039e+08 0 4.91338e+07 0 0.5 0.5 0 0 0 0
3.9771e+30 1.55428e+08 0 4.9228e+07 0 0.5 0.5 0 0 0 0
3.9771e+30 1.55816e+08 0 4.93224e+07 0 0.5 0.5 0 0 0 0
3.9771e+30 1.56204e+08 0 4.9417e+07 0 0.5 0.5 0 0 0 0
3.9771e+30 1.56592e+08 0 4.95117e+07 0 0.5 0.5 0 0 0 0
3.9771e+30 1.5698e+08 0 4.96066e+07 0 0.5 0.5 0 0 0 0
3.9771e+30 1.57367e+08 0 4.97018e+07 0 0.5 0.5 0 0 0 0
3.9771e+30 1.57754e+08 0 4.9797e+07 0 0.5 0.5 0 0 0 0
3.9771e+30 1.58141e+08 0 4.98925e+07 0 0.5 0.5 0 0 0 0
3.9771e+30 1.58527e+08 0 4.99882e+07 0 0.5 0.5 0 0 0 0
3.9771e+30 1.58914e+08 0 5.0084e+07 0 0.5 0.5 0 0 0 0
3.9771e+30 1.593e+08 0 5.018e+07 0 0.5 0.5 0 0 0 0
3.9771e+30 1.59685e+08 0 5.02762e+07 0 0.5 0.5 0 0 0 0
3.9771e+30 1.60071e+08 0 5.03726e+07 0 0.5 0.5 0 0 0 0
3.9771e+30 1.60456e+08 0 5.04692e+07 0 0.5 0.5 0 0 0 0
3.9771e+30 1.60842e+08 0 5.0566e+07 0 0.5 0.5 0 0 0 0
3.9771e+30 1.61227e+08 0 5.06629e+07 0 0.5 0.5 0 0 0 0
3.9771e+30 1.61612e+08 0 5.07601e+07 0 0.5 0.5 0 0 0 0
3.9771e+30 1.61996e+08 0 5.08574e+07 0 0.5 0.5 0 0 0 0
3.9771e+30 1.62381e+08 0 5.09549e+07 0 0.5 0.5 0 0 0 0
3.9771e+30 1.62765e+08 0 5.10526e+07 0 0.5 0.5 0 0 0 0
3.9771e+30 1.63149e+08 0 5.11505e+07 0 0.5 0.5 0 0 0 0
3.9771e+30 1.63533e+08 0 5.12485e+07 0 0.5 0.5 0 0 0 0
3.9771e+30 1.63917e+08 0 5.13468e+07 0 0.5 0.5 0 0 0 0
3.9771e+30 1.64301e+08 0 5.14452e+07 0 0.5 0.5 0 0 0 0
3.9771e+30 1.64684e+08 0 5.15439e+07 0 0.5 0.5 0 0 0 0
3.9771e+30 1.65068e+08 0 5.16427e+07 0 0.5 0.5 0 0 0 0
3.9771e+30 1.65451e+08 0 5.17417e+07 0 0.5 0.5 0 0 0 0
3.9771e+30 1.65834e+08 0 5.18409e+07 0 0.5 0.5 0 0 0 0
3.9771e+30 1.66217e+08 0 5.19403e+07 0 0.5 0.5 0 0 0 0
3.9771e+30 1.666e+08 0 5.20399e+07 0 0.5 0.5 0 0 0 0
3.9771e+30 1.66983e+08 0 5.21397e+07 0 0.5 0.5 0 0 0 0
3.9771e+30 1.67366e+08 0 5.22396e+07 0 0.5 0.5 0 0 0 0
3.9771e+30 1.67749e+08 0 5.23398e+07 0 0.5 0.5 0 0 0 0
3.9771e+30 1.68131e+08 0 5.24401e+07 0 0.5 0.5 0 0 0 0
3.9771e+30 1.68514e+08 0 5.25407e+07 0 0.5 0.5 0 0 0 0
3.9771e+30 1.68896e+08 0 5.26414e+07 0 0.5 0.5 0 0 0 0
3.9771e+30 1.69279e+08 0 5.27423e+07 0 0.5 0.5 0 0 0 0
3.9771e+30 1.69661e+08 0 5.28434e+07 0 0.5 0.5 0 0 0 0
3.9771e+30 1.70044e+08 0 5.29448e+07 0 0.5 0.5 0 0 0 0
3.9771e+30 1.70426e+08 0 5.30463e+07 0 0.5 0.5 0 0 0 0
3.9771e+30 1.70808e+08 0 5.3148e+07 0 0.5 0.5 0 0 0 0
3.9771e+30 1.71191e+08 0 5.32499e+07 0 0.5 0.5 0 0 0 0
3.9771e+30 1.71573e+08 0 5.3352e+07 0 0.5 0.5 0 0 0 0
3.9771e+30 1.71955e+08 0 5.34543e+07 0 0.5 0.5 0 0 0 0
3.9771e+30 1.72337e+08 0 5.35567e+07 0 0.5 0.5 0 0 0 0
3.9771e+30 1.7272e+08 0 5.36594e+07 0 0.5 0.5 0 0 0 0
3.9771e+30 1.73102e+08 0 5.37623e+07 0 0.5 0.5 0 0 0 0
3.9771e+30 1.73484e+08 0 5.38654e+07 0 0.5 0.5 0 0 0 0
3.9771e+30 1.73866e+08 0 5.39687e+07 0 0.5 0.5 0 0 0 0
3.9771e+30 1.74249e+08 0 5.40721e+07 0 0.5 0.5 0 0 0 0
3.9771e+30 1.74631e+08 0 5.41758e+07 0 0.5 0.5 0 0 0 0
3.9771e+30 1.75014e+08 0 5.42797e+07 0 0.5 0.5 0 0 0 0
3.9771e+30 1.75396e+08 0 5.43837e+07 0 0.5 0.5 0 0 0 0
3.9771e+30 1.75779e+08 0 5.4488e+07 0 0.5 0.5 0 0 0 0
3.9771e+30 1.76161e+08 0 5.45925e+07 0 0.5 0.5 0 0 0 0
3.9771e+30 1.76544e+08 0 5.46971e+07 0 0.5 0.5 0 0 0 0
3.9771e+30 1.76926e+08 0 5.4802e+07 0 0.5 0.5 0 0 0 0
3.9771e+30 1.77309e+08 0 5.49071e+07 0 0.5 0.5 0 0 0 0
3.9771e+30 1.77692e+08 0 5.50123e+07 0 0.5 0.5 0 0 0 0
3.9771e+30 1.78075e+08 0 5.51178e+07 0 0.5 0.5 0 0 0 0
3.9771e+30 1.78458e+08 0 5.52235e+07 0 0.5 0.5 0 0 0 0
3.9771e+30 1.78841e+08 0 5.53294e+07 0 0.5 0.5 0 0 0 0
3.9771e+30 1.79225e+08 0 5.54355e+07 0 0.5 0.5 0 0 0 0
3.9771e+30 1.79608e+08 0 5.55417e+07 0 0.5 0.5 0 0 0 0
3.9771e+30 1.79992e+08 0 5.56482e+07 0 0.5 0.5 0 0 0 0
3.9771e+30 1.80375e+08 0 5.57549e+07 0 0.5 0.5 0 0 0 0
3.9771e+30 1.80759e+08 0 5.58618e+07 0 0.5 0.5 0 0 0 0
3.9771e+30 1.81143e+08 0 5.59689e+07 0 0.5 0.5 0 0 0 0
3.9771e+30 1.81527e+08 0 5.60762e+07 0 0.5 0.5 0 0 0 0
3.9771e+30 1.81911e+08 0 5.61837e+07 0 0.5 0.5 0 0 0 0
3.9771e+30 1.82295e+08 0 5.62915e+07 0 0.5 0.5 0 0 0 0
3.9771e+30 1.8268e+08 0 5.63994e+07 0 0.5 0.5 0 0 0 0
3.9771e+30 1.83065e+08 0 5.65075e+07 0 0.5 0.5 0 0 0 0
3.9771e+30 1.8345e+08 0 5.66159e+07 0 0.5 0.5 0 0 0 0
3.9771e+30 1.83835e+08 0 5.67244e+07 0 0.5 0.5 0 0 0 0
3.9771e+30 1.8422e+08 0 5.68332e+07 0 0.5 0.5 0 0 0 0
3.9771e+30 1.84605e+08 0 5.69421e+07 0 0.5 0.5 0 0 0 0
3.9771e+30 1.84991e+08 0 5.70513e+07 0 0.5 0.5 0 0 0 0
3.9771e+30 1.85377e+08 0 5.71607e+07 0 0.5 0.5 0 0 0 0
3.9771e+30 1.85763e+08 0 5.72703e+07 0 0.5 0.5 0 0 0 0
3.9771e+30 1.86149e+08 0 5.73801e+07 0 0.5 0.5 0 0 0 0
3.9771e+30 1.86535e+08 0 5.74901e+07 0 0.5 0.5 0 0 0 0
3.9771e+30 1.86922e+08 0 5.76003e+07 0 0.5 0.5 0 0 0 0
3.9771e+30 1.87309e+08 0 5.77107e+07 0 0.5 0.5 0 0 0 0
3.9771e+30 1.87696e+08 0 5.78214e+07 0 0.5 0.5 0 0 0 0
3.9771e+30 1.88083e+08 0 5.79322e+07 0 0.5 0.5 0 0 0 0
3.9771e+30 1.88471e+08 0 5.80433e+07 0 0.5 0.5 0 0 0 0
3.9771e+30 1.88859e+08 0 5.81546e+07 0 0.5 0.5 0 0 0 0
3.9771e+30 1.89247e+08 0 5.82661e+07 0 0.5 0.5 0 0 0 0
3.9771e+30 1.89635e+08 0 5.83778e+07 0 0.5 0.5 0 0 0 0
3.9771e+30 1.90024e+08 0 5.84897e+07 0 0.5 0.5 0 0 0 0
3.9771e+30 1.90413e+08 0 5.86019e+07 0 0.5 0.5 0 0 0 0
3.9771e+30 1.90802e+08 0 5.87142e+07 0 0.5 0.5 0 0 0 0
3.9771e+30 1.91192e+08 0 5.88268e+07 0 0.5 0.5 0 0 0 0
3.9771e+30 1.91582e+08 0 5.89396e+07 0 0.5 0.5 0 0 0 0
3.9771e+30 1.91972e+08 0 5.90526e+07 0 0.5 0.5 0 0 0 0
3.9771e+30 1.92362e+08 0 5.91658e+07 0 0.5 0.5 0 0 0 0
3.9771e+30 1.92753e+08 0 5.92792e+07 0 0.5 0.5 0 0 0 0
3.9771e+30 1.93144e+08 0 5.93929e+07 0 0.5 0.5 0 0 0 0
3.9771e+30 1.93535e+08 0 5.95068e+07 0 0.5 0.5 0 0 0 0
3.9771e+30 1.93927e+08 0 5.96209e+07 0 0.5 0.5 0 0 0 0
3.9771e+30 1.94319e+08 0 5.97352e+07 0 0.5 0.5 0 0 0 0
3.9771e+30 1.94712e+08 0 5.98497e+07 0 0.5 0.5 0 0 0 0
3.9771e+30 1.95104e+08 0 5.99644e+07 0 0.5 0.5 0 0 0 0
3.9771e+30 1.95497e+08 0 6.00794e+07 0 0.5 0.5 0 0 0 0
3.9771e+30 1.95891e+08 0 6.01946e+07 0 0.5 0.5 0 0 0 0
3.9771e+30 1.96285e+08 0 6.031e+07 0 0.5 0.5 0 0 0 0
3.9771e+30 1.96679e+08 0 6.04256e+07 0 0.5 0.5 0 0 0 0
3.9771e+30 1.97074e+08 0 6.05415e+07 0 0.5 0.5 0 0 0 0
3.9771e+30 1.97469e+08 0 6.06576e+07 0 0.5 0.5 0 0 0 0
3.9771e+30 1.97864e+08 0 6.07739e+07 0 0.5 0.5 0 0 0 0
3.9771e+30 1.9826e+08 0 6.08904e+07 0 0.5 0.5 0 0 0 0
3.9771e+30 1.98656e+08 0 6.10071e+07 0 0.5 0.5 0 0 0 0
3.9771e+30 1.99053e+08 0 6.11241e+07 0 0.5 0.5 0 0 0 0
3.9771e+30 1.9945e+08 0 6.12413e+07 0 0.5 0.5 0 0 0 0
3.9771e+30 1.99847e+08 0 6.13587e+07 0 0.5 0.5 0 0 0 0
3.9771e+30 2.00245e+08 0 6.14763e+07 0 0.5 0.5 0 0 0 0
3.9771e+30 2.00643e+08 0 6.15942e+07 0 0.5 0.5 0 0 0 0
3.9771e+30 2.01042e+08 0 6.17123e+07 0 0.5 0.5 0 0 0 0
3.9771e+30 2.01441e+08 0 6.18306e+07 0 0.5 0.5 0 0 0 0
3.9771e+30 2.01841e+08 0 6.19492e+07 0 0.5 0.5 0 0 0 0
3.9771e+30 2.02241e+08 0 6.20679e+07 0 0.5 0.5 0 0 0 0
3.9771e+30 2.02642e+08 0 6.21869e+07 0 0.5 0.5 0 0 0 0
3.9771e+30 2.03043e+08 0 6.23062e+07 0 0.5 0.5 0 0 0 0
3.9771e+30 2.03445e+08 0 6.24256e+07 0 0.5 0.5 0 0 0 0
3.9771e+30 2.03847e+08 0 6.25453e+07 0 0.5 0.5 0 0 0 0
3.9771e+30 2.04249e+08 0 6.26652e+07 0 0.5 0.5 0 0 0 0
3.9771e+30 2.04652e+08 0 6.27854e+07 0 0.5 0.5 0 0 0 0
3.9771e+30 2.05056e+08 0 6.29057e+07 0 0.5 0.5 0 0 0 0
3.9771e+30 2.0546e+08 0 6.30263e+07 0 0.5 0.5 0 0 0 0
3.9771e+30 2.05865e+08 0 6.31472e+07 0 0.5 0.5 0 0 0 0
3.9771e+30 2.0627e+08 0 6.32683e+07 0 0.5 0.5 0 0 0 0
3.9771e+30 2.06676e+08 0 6.33896e+07 0 0.5 0.5 0 0 0 0
3.9771e+30 2.07082e+08 0 6.35111e+07 0 0.5 0.5 0 0 0 0
3.9771e+30 2.07489e+08 0 6.36329e+07 0 0.5 0.5 0 0 0 0
3.9771e+30 2.07896e+08 0 6.37549e+07 0 0.5 0.5 0 0 0 0
3.9771e+30 2.08304e+08 0 6.38771e+07 0 0.5 0.5 0 0 0 0
3.9771e+30 2.08713e+08 0 6.39996e+07 0 0.5 0.5 0 0 0 0
3.9771e+30 2.09122e+08 0 6.41223e+07 0 0.5 0.5 0 0 0 0
3.9771e+30 2.09532e+08 0 6.42452e+07 0 0.5 0.5 0 0 0 0
3.9771e+30 2.09942e+08 0 6.43684e+07 0 0.5 0.5 0 0 0 0
3.9771e+30 2.10353e+08 0 6.44918e+07 0 0.5 0.5 0 0 0 0
3.9771e+30 2.10765e+08 0 6.46154e+07 0 0.5 0.5 0 0 0 0
3.9771e+30 2.11177e+08 0 6.47393e+07 0 0.5 0.5 0 0 0 0
3.9771e+30 2.1159e+08 0 6.48634e+07 0 0.5 0.5 0 0 0 0
3.9771e+30 2.12003e+08 0 6.49878e+07 0 0.5 0.5 0 0 0 0
3.9771e+30 2.12418e+08 0 6.51124e+07 0 0.5 0.5 0 0 0 0
3.9771e+30 2.12832e+08 0 6.52372e+07 0 0.5 0.5 0 0 0 0
3.9771e+30 2.13248e+08 0 6.53623e+07 0 0.5 0.5 0 0 0 0
3.9771e+30 2.13664e+08 0 6.54876e+07 0 0.5 0.5 0 0 0 0
3.9771e+30 2.14081e+08 0 6.56132e+07 0 0.5 0.5 0 0 0 0
3.9771e+30 2.14498e+08 0 6.5739e+07 0 0.5 0.5 0 0 0 0
3.9771e+30 2.14917e+08 0 6.5865e+07 0 0.5 0.5 0 0 0 0
3.9771e+30 2.15336e+08 0 6.59913e+07 0 0.5 0.5 0 0 0 0
3.9771e+30 2.15755e+08 0 6.61178e+07 0 0.5 0.5 0 0 0 0
3.9771e+30 2.16176e+08 0 6.62446e+07 0 0.5 0.5 0 0 0 0
3.9771e+30 2.16597e+08 0 6.63716e+07 0 0.5 0.5 0 0 0 0
3.9771e+30 2.17018e+08 0 6.64989e+07 0 0.5 0.5 0 0 0 0
3.9771e+30 2.17441e+08 0 6.66263e+07 0 0.5 0.5 0 0 0 0
3.9771e+30 2.17864e+08 0 6.67541e+07 0 0.5 0.5 0 0 0 0
3.9771e+30 2.18289e+08 0 6.68821e+07 0 0.5 0.5 0 0 0 0
3.9771e+30 2.18713e+08 0 6.70103e+07 0 0.5 0.5 0 0 0 0
3.9771e+30 2.19139e+08 0 6.71388e+07 0 0.5 0.5 0 0 0 0
3.9771e+30 2.19566e+08 0 6.72675e+07 0 0.5 0.5 0 0 0 0
3.9771e+30 2.19993e+08 0 6.73965e+07 0 0.5 0.5 0 0 0 0
3.9771e+30 2.20421e+08 0 6.75257e+07 0 0.5 0.5 0 0 0 0
3.9771e+30 2.2085e+08 0 6.76552e+07 0 0.5 0.5 0 0 0 0
3.9771e+30 2.2128e+08 0 6.77849e+07 0 0.5 0.5 0 0 0 0
3.9771e+30 2.2171e+08 0 6.79148e+07 0 0.5 0.5 0 0 0 0
3.9771e+30 2.22142e+08 0 6.8045e+07 0 0.5 0.5 0 0 0 0
3.9771e+30 2.22574e+08 0 6.81755e+07 0 0.5 0.5 0 0 0 0
3.9771e+30 2.23007e+08 0 6.83062e+07 0 0.5 0.5 0 0 0 0
3.9771e+30 2.23441e+08 0 6.84372e+07 0 0.5 0.5 0 0 0 0
3.9771e+30 2.23876e+08 0 6.85684e+07 0 0.5 0.5 0 0 0 0
3.9771e+30 2.24312e+08 0 6.86998e+07 0 0.5 0.5 0 0 0 0
3.9771e+30 2.24749e+08 0 6.88316e+07 0 0.5 0.5 0 0 0 0
3.9771e+30 2.25187e+08 0 6.89635e+07 0 0.5 0.5 0 0 0 0
3.9771e+30 2.25625e+08 0 6.90957e+07 0 0.5 0.5 0 0 0 0
3.9771e+30 2.26065e+08 0 6.92282e+07 0 0.5 0.5 0 0 0 0
3.9771e+30 2.26506e+08 0 6.9361e+07 0 0.5 0.5 0 0 0 0
3.9771e+30 2.26947e+08 0 6.94939e+07 0 0.5 0.5 0 0 0 0
3.9771e+30 2.2739e+08 0 6.96272e+07 0 0.5 0.5 0 0 0 0
3.9771e+30 2.27833e+08 0 6.97607e+07 0 0.5 0.5 0 0 0 0
3.9771e+30 2.28277e+08 0 6.98944e+07 0 0.5 0.5 0 0 0 0
3.9771e+30 2.28723e+08 0 7.00284e+07 0 0.5 0.5 0 0 0 0
3.9771e+30 2.29169e+08 0 7.01627e+07 0 0.5 0.5 0 0 0 0
3.9771e+30 2.29617e+08 0 7.02972e+07 0 0.5 0.5 0 0 0 0
3.9771e+30 2.30065e+08 0 7.0432e+07 0 0.5 0.5 0 0 0 0
3.9771e+30 2.30515e+08 0 7.0567e+07 0 0.5 0.5 0 0 0 0
3.9771e+30 2.30966e+08 0 7.07023e+07 0 0.5 0.5 0 0 0 0
3.9771e+30 2.31417e+08 0 7.08379e+07 0 0.5 0.5 0 0 0 0
3.9771e+30 2.3187e+08 0 7.09737e+07 0 0.5 0.5 0 0 0 0
3.9771e+30 2.32324e+08 0 7.11098e+07 0 0.5 0.5 0 0 0 0
3.9771e+30 2.32779e+08 0 7.12461e+07 0 0.5 0.5 0 0 0 0
3.9771e+30 2.33235e+08 0 7.13827e+07 0 0.5 0.5 0 0 0 0
3.9771e+30 2.33692e+08 0 7.15196e+07 0 0.5 0.5 0 0 0 0
3.9771e+30 2.34151e+08 0 7.16567e+07 0 0.5 0.5 0 0 0 0
3.9771e+30 2.3461e+08 0 7.17941e+07 0 0.5 0.5 0 0 0 0
3.9771e+30 2.35071e+08 0 7.19317e+07 0 0.5 0.5 0 0 0 0
3.9771e+30 2.35533e+08 0 7.20696e+07 0 0.5 0.5 0 0 0 0
3.9771e+30 2.35996e+08 0 7.22078e+07 0 0.5 0.5 0 0 0 0
3.9771e+30 2.36461e+08 0 7.23462e+07 0 0.5 0.5 0 0 0 0
3.9771e+30 2.36926e+08 0 7.24849e+07 0 0.5 0.5 0 0 0 0
3.9771e+30 2.37393e+08 0 7.26239e+07 0 0.5 0.5 0 0 0 0
3.9771e+30 2.37861e+08 0 7.27632e+07 0 0.5 0.5 0 0 0 0
3.9771e+30 2.38331e+08 0 7.29027e+07 0 0.5 0.5 0 0 0 0
3.9771e+30 2.38801e+08 0 7.30424e+07 0 0.5 0.5 0 0 0 0
3.9771e+30 2.39273e+08 0 7.31825e+07 0 0.5 0.5 0 0 0 0
3.9771e+30 2.39747e+08 0 7.33228e+07 0 0.5 0.5 0 0 0 0
3.9771e+30 2.40221e+08 0 7.34634e+07 0 0.5 0.5 0 0 0 0
3.9771e+30 2.40697e+08 0 7.36042e+07 0 0.5 0.5 0 0 0 0
3.9771e+30 2.41175e+08 0 7.37453e+07 0 0.5 0.5 0 0 0 0
3.9771e+30 2.41653e+08 0 7.38867e+07 0 0.5 0.5 0 0 0 0
3.9771e+30 2.42134e+08 0 7.40284e+07 0 0.5 0.5 0 0 0 0
3.9771e+30 2.42615e+08 0 7.41703e+07 0 0.5 0.5 0 0 0 0
3.9771e+30 2.43098e+08 0 7.43125e+07 0 0.5 0.5 0 0 0 0
3.9771e+30 2.43583e+08 0 7.4455e+07 0 0.5 0.5 0 0 0 0
3.9771e+30 2.44069e+08 0 7.45977e+07 0 0.5 0.5 0 0 0 0
3.9771e+30 2.44556e+08 0 7.47408e+07 0 0.5 0.5 0 0 0 0
3.9771e+30 2.45045e+08 0 7.48841e+07 0 0.5 0.5 0 0 0 0
3.9771e+30 2.45535e+08 0 7.50276e+07 0 0.5 0.5 0 0 0 0
3.9771e+30 2.46027e+08 0 7.51715e+07 0 0.5 0.5 0 0 0 0
3.9771e+30 2.46521e+08 0 7.53156e+07 0 0.5 0.5 0 0 0 0
3.9771e+30 2.47016e+08 0 7.546e+07 0 0.5 0.5 0 0 0 0
3.9771e+30 2.47513e+08 0 7.56047e+07 0 0.5 0.5 0 0 0 0
3.9771e+30 2.48011e+08 0 7.57496e+07 0 0.5 0.5 0 0 0 0
3.9771e+30 2.48511e+08 0 7.58949e+07 0 0.5 0.5 0 0 0 0
3.9771e+30 2.49013e+08 0 7.60404e+07 0 0.5 0.5 0 0 0 0
3.9771e+30 2.49516e+08 0 7.61862e+07 0 0.5 0.5 0 0 0 0
3.9771e+30 2.50021e+08 0 7.63322e+07 0 0.5 0.5 0 0 0 0
3.9771e+30 2.50528e+08 0 7.64786e+07 0 0.5 0.5 0 0 0 0
3.9771e+30 2.51036e+08 0 7.66252e+07 0 0.5 0.5 0 0 0 0
3.9771e+30 2.51547e+08 0 7.67721e+07 0 0.5 0.5 0 0 0 0
3.9771e+30 2.52059e+08 0 7.69193e+07 0 0.5 0.5 0 0 0 0
3.9771e+30 2.52572e+08 0 7.70668e+07 0 0.5 0.5 0 0 0 0
3.9771e+30 2.53088e+08 0 7.72145e+07 0 0.5 0.5 0 0 0 0
3.9771e+30 2.53605e+08 0 7.73626e+07 0 0.5 0.5 0 0 0 0
3.9771e+30 2.54125e+08 0 7.75109e+07 0 0.5 0.5 0 0 0 0
3.9771e+30 2.54646e+08 0 7.76595e+07 0 0.5 0.5 0 0 0 0
3.9771e+30 2.55169e+08 0 7.78084e+07 0 0.5 0.5 0 0 0 0
3.9771e+30 2.55694e+08 0 7.79576e+07 0 0.5 0.5 0 0 0 0
3.9771e+30 2.56221e+08 0 7.81071e+07 0 0.5 0.5 0 0 0 0
3.9771e+30 2.56751e+08 0 7.82568e+07 0 0.5 0.5 0 0 0 0
3.9771e+30 2.57282e+08 0 7.84068e+07 0 0.5 0.5 0 0 0 0
3.9771e+30 2.57815e+08 0 7.85572e+07 0 0.5 0.5 0 0 0 0
3.9771e+30 2.5835e+08 0 7.87078e+07 0 0.5 0.5 0 0 0 0
3.9771e+30 2.58887e+08 0 7.88587e+07 0 0.5 0.5 0 0 0 0
3.9771e+30 2.59427e+08 0 7.90099e+07 0 0.5 0.5 0 0 0 0
3.9771e+30 2.59968e+08 0 7.91614e+07 0 0.5 0.5 0 0 0 0
3.9771e+30 2.60512e+08 0 7.93131e+07 0 0.5 0.5 0 0 0 0
3.9771e+30 2.61058e+08 0 7.94652e+07 0 0.5 0.5 0 0 0 0
3.9771e+30 2.61607e+08 0 7.96176e+07 0 0.5 0.5 0 0 0 0
3.9771e+30 2.62157e+08 0 7.97702e+07 0 0.5 0.5 0 0 0 0
3.9771e+30 2.6271e+08 0 7.99231e+07 0 0.5 0.5 0 0 0 0
3.9771e+30 2.63265e+08 0 8.00764e+07 0 0.5 0.5 0 0 0 0
3.9771e+30 2.63823e+08 0 8.02299e+07 0 0.5 0.5 0 0 0 0
3.9771e+30 2.64383e+08 0 8.03837e+07 0 0.5 0.5 0 0 0 0
3.9771e+30 2.64945e+08 0 8.05378e+07 0 0.5 0.5 0 0 0 0
3.9771e+30 2.6551e+08 0 8.06923e+07 0 0.5 0.5 0 0 0 0
3.9771e+30 2.66078e+08 0 8.0847e+07 0 0.5 0.5 0 0 0 0
3.9771e+30 2.66648e+08 0 8.1002e+07 0 0.5 0.5 0 0 0 0
3.9771e+30 2.6722e+08 0 8.11573e+07 0 0.5 0.5 0 0 0 0
3.9771e+30 2.67796e+08 0 8.13129e+07 0 0.5 0.5 0 0 0 0
3.9771e+30 2.68373e+08 0 8.14688e+07 0 0.5 0.5 0 0 0 0
3.9771e+30 2.68954e+08 0 8.1625e+07 0 0.5 0.5 0 0 0 0
3.9771e+30 2.69537e+08 0 8.17815e+07 0 0.5 0.5 0 0 0 0
3.9771e+30 2.70123e+08 0 8.19383e+07 0 0.5 0.5 0 0 0 0
3.9771e+30 2.70712e+08 0 8.20954e+07 0 0.5 0.5 0 0 0 0
3.9771e+30 2.71304e+08 0 8.22528e+07 0 0.5 0.5 0 0 0 0
3.9771e+30 2.71899e+08 0 8.24105e+07 0 0.5 0.5 0 0 0 0
3.9771e+30 2.72496e+08 0 8.25685e+07 0 0.5 0.5 0 0 0 0
3.9771e+30 2.73097e+08 0 8.27268e+07 0 0.5 0.5 0 0 0 0
3.9771e+30 2.73701e+08 0 8.28854e+07 0 0.5 0.5 0 0 0 0
3.9771e+30 2.74308e+08 0 8.30443e+07 0 0.5 0.5 0 0 0 0
3.9771e+30 2.74917e+08 0 8.32035e+07 0 0.5 0.5 0 0 0 0
3.9771e+30 2.75531e+08 0 8.3363e+07 0 0.5 0.5 0 0 0 0
3.9771e+30 2.76147e+08 0 8.35229e+07 0 0.5 0.5 0 0 0 0
3.9771e+30 2.76767e+08 0 8.3683e+07 0 0.5 0.5 0 0 0 0
3.9771e+30 2.7739e+08 0 8.38434e+07 0 0.5 0.5 0 0 0 0
3.9771e+30 2.78016e+08 0 8.40042e+07 0 0.5 0.5 0 0 0 0
3.9771e+30 2.78646e+08 0 8.41652e+07 0 0.5 0.5 0 0 0 0
3.9771e+30 2.79279e+08 0 8.43266e+07 0 0.5 0.5 0 0 0 0
3.9771e+30 2.79916e+08 0 8.44883e+07 0 0.5 0.5 0 0 0 0
3.9771e+30 2.80557e+08 0 8.46503e+07 0 0.5 0.5 0 0 0 0
3.9771e+30 2.81201e+08 0 8.48126e+07 0 0.5 0.5 0 0 0 0
3.9771e+30 2.81849e+08 0 8.49752e+07 0 0.5 0.5 0 0 0 0
3.9771e+30 2.82501e+08 0 8.51381e+07 0 0.5 0.5 0 0 0 0
3.9771e+30 2.83157e+08 0 8.53013e+07 0 0.5 0.5 0 0 0 0
3.9771e+30 2.83816e+08 0 8.54649e+07 0 0.5 0.5 0 0 0 0
3.9771e+30 2.8448e+08 0 8.56287e+07 0 0.5 0.5 0 0 0 0
3.9771e+30 2.85148e+08 0 8.57929e+07 0 0.5 0.5 0 0 0 0
3.9771e+30 2.8582e+08 0 8.59574e+07 0 0.5 0.5 0 0 0 0
3.9771e+30 2.86496e+08 0 8.61222e+07 0 0.5 0.5 0 0 0 0
3.9771e+30 2.87177e+08 0 8.62873e+07 0 0.5 0.5 0 0 0 0
3.9771e+30 2.87861e+08 0 8.64527e+07 0 0.5 0.5 0 0 0 0
3.9771e+30 2.88551e+08 0 8.66185e+07 0 0.5 0.5 0 0 0 0
3.9771e+30 2.89245e+08 0 8.67846e+07 0 0.5 0.5 0 0 0 0
3.9771e+30 2.89944e+08 0 8.6951e+07 0 0.5 0.5 0 0 0 0
3.9771e+30 2.90647e+08 0 8.71177e+07 0 0.5 0.5 0 0 0 0
3.9771e+30 2.91356e+08 0 8.72847e+07 0 0.5 0.5 0 0 0 0
3.9771e+30 2.92069e+08 0 8.7452e+07 0 0.5 0.5 0 0 0 0
3.9771e+30 2.92788e+08 0 8.76197e+07 0 0.5 0.5 0 0 0 0
3.9771e+30 2.93511e+08 0 8.77877e+07 0 0.5 0.5 0 0 0 0
3.9771e+30 2.9424e+08 0 8.7956e+07 0 0.5 0.5 0 0 0 0
3.9771e+30 2.94975e+08 0 8.81246e+07 0 0.5 0.5 0 0 0 0
3.9771e+30 2.95715e+08 0 8.82936e+07 0 0.5 0.5 0 0 0 0
3.9771e+30 2.9646e+08 0 8.84629e+07 0 0.5 0.5 0 0 0 0
3.9771e+30 2.97211e+08 0 8.86325e+07 0 0.5 0.5 0 0 0 0
3.9771e+30 2.97968e+08 0 8.88024e+07 0 0.5 0.5 0 0 0 0
3.9771e+30 2.98731e+08 0 8.89727e+07 0 0.5 0.5 0 0 0 0
3.9771e+30 2.99501e+08 0 8.91433e+07 0 0.5 0.5 0 0 0 0
3.9771e+30 3.00276e+08 0 8.93142e+07 0 0.5 0.5 0 0 0 0
3.9771e+30 3.01058e+08 0 8.94854e+07 0 0.5 0.5 0 0 0 0
3.9771e+30 3.01847e+08 0 8.9657e+07 0 0.5 0.5 0 0 0 0
3.9771e+30 3.02642e+08 0 8.98289e+07 0 0.5 0.5 0 0 0 0
3.9771e+30 3.03444e+08 0 9.00011e+07 0 0.5 0.5 0 0 0 0
3.9771e+30 3.04253e+08 0 9.01736e+07 0 0.5 0.5 0 0 0 0
3.9771e+30 3.05069e+08 0 9.03465e+07 0 0.5 0.5 0 0 0 0
3.9771e+30 3.05892e+08 0 9.05198e+07 0 0.5 0.5 0 0 0 0
3.9771e+30 3.06723e+08 0 9.06933e+07 0 0.5 0.5 0 0 0 0
3.9771e+30 3.07562e+08 0 9.08672e+07 0 0.5 0.5 0 0 0 0
3.9771e+30 3.08409e+08 0 9.10414e+07 0 0.5 0.5 0 0 0 0
3.9771e+30 3.09264e+08 0 9.1216e+07 0 0.5 0.5 0 0 0 0
3.9771e+30 3.10127e+08 0 9.13908e+07 0 0.5 0.5 0 0 0 0
3.9771e+30 3.10999e+08 0 9.15661e+07 0 0.5 0.5 0 0 0 0
3.9771e+30 3.1188e+08 0 9.17416e+07 0 0.5 0.5 0 0 0 0
3.9771e+30 3.12769e+08 0 9.19175e+07 0 0.5 0.5 0 0 0 0
3.9771e+30 3.13669e+08 0 9.20937e+07 0 0.5 0.5 0 0 0 0
3.9771e+30 3.14577e+08 0 9.22703e+07 0 0.5 0.5 0 0 0 0
3.9771e+30 3.15496e+08 0 9.24472e+07 0 0.5 0.5 0 0 0 0
3.9771e+30 3.16425e+08 0 9.26245e+07 0 0.5 0.5 0 0 0 0
3.9771e+30 3.17364e+08 0 9.2802e+07 0 0.5 0.5 0 0 0 0
3.9771e+30 3.18315e+08 0 9.298e+07 0 0.5 0.5 0 0 0 0
3.9771e+30 3.19276e+08 0 9.31582e+07 0 0.5 0.5 0 0 0 0
3.9771e+30 3.20249e+08 0 9.33368e+07 0 0.5 0.5 0 0 0 0
3.9771e+30 3.21234e+08 0 9.35158e+07 0 0.5 0.5 0 0 0 0
3.9771e+30 3.22231e+08 0 9.36951e+07 0 0.5 0.5 0 0 0 0
3.9771e+30 3.23241e+08 0 9.38747e+07 0 0.5 0.5 0 0 0 0
3.9771e+30 3.24264e+08 0 9.40547e+07 0 0.5 0.5 0 0 0 0
3.9771e+30 3.25301e+08 0 9.4235e+07 0 0.5 0.5 0 0 0 0
3.9771e+30 3.26352e+08 0 9.44157e+07 0 0.5 0.5 0 0 0 0
3.9771e+30 3.27418e+08 0 9.45967e+07 0 0.5 0.5 0 0 0 0
3.9771e+30 3.28499e+08 0 9.47781e+07 0 0.5 0.5 0 0 0 0
3.9771e+30 3.29596e+08 0 9.49598e+07 0 0.5 0.5 0 0 0 0
3.9771e+30 3.30709e+08 0 9.51419e+07 0 0.5 0.5 0 0 0 0
3.9771e+30 3.31839e+08 0 9.53243e+07 0 0.5 0.5 0 0 0 0
3.9771e+30 3.32987e+08 0 9.5507e+07 1 0 0 0 0 0 0
3.9771e+30 3.34154e+08 0 9.56902e+07 1 0 0 0 0 0 0
3.9771e+30 3.3534e+08 0 9.58736e+07 1 0 0 0 0 0 0
3.9771e+30 3.36546e+08 0 9.60574e+07 1 0 0 0 0 0 0
3.9771e+30 3.37773e+08 0 9.62416e+07 1 0 0 0 0 0 0
3.9771e+30 3.39023e+08 0 9.64261e+07 1 0 0 0 0 0 0
3.9771e+30 3.40296e+08 0 9.6611e+07 1 0 0 0 0 0 0
3.9771e+30 3.41594e+08 0 9.67962e+07 1 0 0 0 0 0 0
3.9771e+30 3.42917e+08 0 9.69818e+07 1 0 0 0 0 0 0
3.9771e+30 3.44268e+08 0 9.71677e+07 1 0 0 0 0 0 0
3.9771e+30 3.45647e+08 0 9.7354e+07 1 0 0 0 0 0 0
3.9771e+30 3.47057e+08 0 9.75407e+07 1 0 0 0 0 0 0
3.9771e+30 3.48499e+08 0 9.77277e+07 1 0 0 0 0 0 0
3.9771e+30 3.49975e+08 0 9.79151e+07 1 0 0 0 0 0 0
3.9771e+30 3.51487e+08 0 9.81028e+07 1 0 0 0 0 0 0
3.9771e+30 3.53038e+08 0 9.82909e+07 1 0 0 0 0 0 0
3.9771e+30 3.54631e+08 0 9.84793e+07 1 0 0 0 0 0 0
3.9771e+30 3.56268e+08 0 9.86682e+07 1 0 0 0 0 0 0
3.9771e+30 3.57953e+08 0 9.88573e+07 1 0 0 0 0 0 0
3.9771e+30 3.5969e+08 0 9.90469e+07 1 0 0 0 0 0 0
3.9771e+30 3.61483e+08 0 9.92368e+07 1 0 0 0 0 0 0
3.9771e+30 3.63337e+08 0 9.9427e+07 1 0 0 0 0 0 0
3.9771e+30 3.65258e+08 0 9.96176e+07 1 0 0 0 0 0 0
3.9771e+30 3.67253e+08 0 9.98086e+07 1 0 0 0 0 0 0
3.9771e+30 3.67413e+08 0 3.16228e+09 1 0 0 0 0 0 0
3.9771e+30 3.69607e+08 0 9.36329e+07 1 0 0 0 0 0 0
3.9771e+30 3.7191e+08 0 8.76712e+07 1 0 0 0 0 0 0
3.9771e+30 3.74335e+08 0 8.20891e+07 1 0 0 0 0 0 0
3.9771e+30 3.76902e+08 0 7.68625e+07 1 0 0 0 0 0 0
3.9771e+30 3.79633e+08 0 7.19686e+07 1 0 0 0 0 0 0
3.9771e+30 3.82559e+08 0 6.73863e+07 1 0 0 0 0 0 0
3.9771e+30 3.8572e+08 0 6.30957e+07 1 0 0 0 0 0 0
3.9771e+30 3.89173e+08 0 5.90784e+07 1 0 0 0 0 0 0
3.9771e+30 3.93e+08 0 5.53168e+07 1 0 0 0 0 0 0
3.9771e+30 3.97327e+08 0 5.17947e+07 1 0 0 0 0 0 0
3.9771e+30 4.02373e+08 0 4.84969e+07 1 0 0 0 0 0 0
3.9771e+30 4.08564e+08 0 4.54091e+07 1 0 0 0 0 0 0
3.9771e+30 4.16985e+08 0 4.25179e+07 1 0 0 0 0 0 0
3.9771e+30 4.32988e+08 0 3.98107e+07 1 0 0 0 0 0 0
