# This file contains the nickel abundance of each shell as a function of time
# Author: Elvis Soares
# time(s)   Abundance[i]( )
0	0  0  0  0  0  0  0  0  0  0  0  0  0  0  0  0  0  0  0  0  0  0  0  0  0  0  0  0  0  0  0  0  0  0  0  0  0  0  0  0  0  0  0  0  0  0  0  0  0  0  0  0  0  0  0  0  0  0  0  0  0  0  0  0  0  0  0  0  0  0  0  0  0  0  0  0  0  0  0  0  0  0  0  0  0  0  0  0  0  0  0  0  0  0  0  0  0  0  0  0  0  0  0  0  0  0  0  0  0  0  0  0  0  0  0  0  0  0  0  0  0  0  0  0  0  0  0  0  0  0  0  
0.00106473	0  0  0  0  0  0  0  0  0  0  0  0  0  0  0  0  0  0  0  0  0  0  0  0  0  0  0  0  0  0  0  0  0  0  0  0  0  0  0  0  0  0  0  0  0  0  0  0  0  0  0  0  0  0  0  0  0  0  0  0  0  0  0  0  0  0  0  0  0  0  0  0  0  0  0  0  0  0  0  0  0  0  0  0  0  0  0  0  0  0  0  0  0  0  0  0  0  0  0  0  0  0  0  0  0  0  0  0  0  0.609454  0  0  0  0  0  0  0  0  0  0  0  0  0  0  0  0  0  0  0  0  0  
0.00207901	0  0  0  0  0  0  0  0  0  0  0  0  0  0  0  0  0  0  0  0  0  0  0  0  0  0  0  0  0  0  0  0  0  0  0  0  0  0  0  0  0  0  0  0  0  0  0  0  0  0  0  0  0  0  0  0  0  0  0  0  0  0  0  0  0  0  0  0  0  0  0  0  0  0  0  0  0  0  0  0  0  0  0  0  0  0  0  0  0  0  0  0  0  0  0  0  0  0  0  0  0  0  0  0  0  0  0  0  0  0.74391  0.622908  0  0  0  0  0  0  0  0  0  0  0  0  0  0  0  0  0  0  0  0  
0.00310257	0  0  0  0  0  0  0  0  0  0  0  0  0  0  0  0  0  0  0  0  0  0  0  0  0  0  0  0  0  0  0  0  0  0  0  0  0  0  0  0  0  0  0  0  0  0  0  0  0  0  0  0  0  0  0  0  0  0  0  0  0  0  0  0  0  0  0  0  0  0  0  0  0  0  0  0  0  0  0  0  0  0  0  0  0  0  0  0  0  0  0  0  0  0  0  0  0  0  0  0  0  0  0  0  0  0  0  0  0  0.802776  0.686115  0.441067  0  0  0  0  0  0  0  0  0  0  0  0  0  0  0  0  0  0  0  
0.00412955	0  0  0  0  0  0  0  0  0  0  0  0  0  0  0  0  0  0  0  0  0  0  0  0  0  0  0  0  0  0  0  0  0  0  0  0  0  0  0  0  0  0  0  0  0  0  0  0  0  0  0  0  0  0  0  0  0  0  0  0  0  0  0  0  0  0  0  0  0  0  0  0  0  0  0  0  0  0  0  0  0  0  0  0  0  0  0  0  0  0  0  0  0  0  0  0  0  0  0  0  0  0  0  0  0  0  0  0  0  0.828012  0.755202  0.620581  0.58023  0  0  0  0  0  0  0  0  0  0  0  0  0  0  0  0  0  0  
0.00523067	0  0  0  0  0  0  0  0  0  0  0  0  0  0  0  0  0  0  0  0  0  0  0  0  0  0  0  0  0  0  0  0  0  0  0  0  0  0  0  0  0  0  0  0  0  0  0  0  0  0  0  0  0  0  0  0  0  0  0  0  0  0  0  0  0  0  0  0  0  0  0  0  0  0  0  0  0  0  0  0  0  0  0  0  0  0  0  0  0  0  0  0  0  0  0  0  0  0  0  0  0  0  0  0  0  0  0  0  0  0.840447  0.817778  0.661105  0.613653  0  0  0  0  0  0  0  0  0  0  0  0  0  0  0  0  0  0  
0.00627603	0  0  0  0  0  0  0  0  0  0  0  0  0  0  0  0  0  0  0  0  0  0  0  0  0  0  0  0  0  0  0  0  0  0  0  0  0  0  0  0  0  0  0  0  0  0  0  0  0  0  0  0  0  0  0  0  0  0  0  0  0  0  0  0  0  0  0  0  0  0  0  0  0  0  0  0  0  0  0  0  0  0  0  0  0  0  0  0  0  0  0  0  0  0  0  0  0  0  0  0  0  0  0  0  0  0  0  0  0  0.846336  0.85883  0.711341  0.635692  0.622897  0  0  0  0  0  0  0  0  0  0  0  0  0  0  0  0  0  
0.00737257	0  0  0  0  0  0  0  0  0  0  0  0  0  0  0  0  0  0  0  0  0  0  0  0  0  0  0  0  0  0  0  0  0  0  0  0  0  0  0  0  0  0  0  0  0  0  0  0  0  0  0  0  0  0  0  0  0  0  0  0  0  0  0  0  0  0  0  0  0  0  0  0  0  0  0  0  0  0  0  0  0  0  0  0  0  0  0  0  0  0  0  0  0  0  0  0  0  0  0  0  0  0  0  0  0  0  0  0  0  0.849777  0.879614  0.773502  0.649346  0.647754  0.691156  0  0  0  0  0  0  0  0  0  0  0  0  0  0  0  0  
0.00840047	0  0  0  0  0  0  0  0  0  0  0  0  0  0  0  0  0  0  0  0  0  0  0  0  0  0  0  0  0  0  0  0  0  0  0  0  0  0  0  0  0  0  0  0  0  0  0  0  0  0  0  0  0  0  0  0  0  0  0  0  0  0  0  0  0  0  0  0  0  0  0  0  0  0  0  0  0  0  0  0  0  0  0  0  0  0  0  0  0  0  0  0  0  0  0  0  0  0  0  0  0  0  0  0  0  0  0  0  0  0.852362  0.889994  0.81849  0.696114  0.63953  0.662793  0.646641  0  0  0  0  0  0  0  0  0  0  0  0  0  0  0  
0.00940886	0  0  0  0  0  0  0  0  0  0  0  0  0  0  0  0  0  0  0  0  0  0  0  0  0  0  0  0  0  0  0  0  0  0  0  0  0  0  0  0  0  0  0  0  0  0  0  0  0  0  0  0  0  0  0  0  0  0  0  0  0  0  0  0  0  0  0  0  0  0  0  0  0  0  0  0  0  0  0  0  0  0  0  0  0  0  0  0  0  0  0  0  0  0  0  0  0  0  0  0  0  0  0  0  0  0  0  0  0  0.855227  0.895166  0.848922  0.74245  0.652949  0.660349  0.662534  0  0  0  0  0  0  0  0  0  0  0  0  0  0  0  
0.010486	0  0  0  0  0  0  0  0  0  0  0  0  0  0  0  0  0  0  0  0  0  0  0  0  0  0  0  0  0  0  0  0  0  0  0  0  0  0  0  0  0  0  0  0  0  0  0  0  0  0  0  0  0  0  0  0  0  0  0  0  0  0  0  0  0  0  0  0  0  0  0  0  0  0  0  0  0  0  0  0  0  0  0  0  0  0  0  0  0  0  0  0  0  0  0  0  0  0  0  0  0  0  0  0  0  0  0  0  0  0.858397  0.898693  0.87416  0.785359  0.691787  0.64946  0.687584  0.691733  0  0  0  0  0  0  0  0  0  0  0  0  0  0  
0.0115746	0  0  0  0  0  0  0  0  0  0  0  0  0  0  0  0  0  0  0  0  0  0  0  0  0  0  0  0  0  0  0  0  0  0  0  0  0  0  0  0  0  0  0  0  0  0  0  0  0  0  0  0  0  0  0  0  0  0  0  0  0  0  0  0  0  0  0  0  0  0  0  0  0  0  0  0  0  0  0  0  0  0  0  0  0  0  0  0  0  0  0  0  0  0  0  0  0  0  0  0  0  0  0  0  0  0  0  0  0  0.860246  0.901194  0.88923  0.819962  0.729148  0.664344  0.667753  0.703379  0.681457  0  0  0  0  0  0  0  0  0  0  0  0  0  
0.0125756	0  0  0  0  0  0  0  0  0  0  0  0  0  0  0  0  0  0  0  0  0  0  0  0  0  0  0  0  0  0  0  0  0  0  0  0  0  0  0  0  0  0  0  0  0  0  0  0  0  0  0  0  0  0  0  0  0  0  0  0  0  0  0  0  0  0  0  0  0  0  0  0  0  0  0  0  0  0  0  0  0  0  0  0  0  0  0  0  0  0  0  0  0  0  0  0  0  0  0  0  0  0  0  0  0  0  0  0  0  0.860748  0.903134  0.897702  0.848313  0.763977  0.689475  0.663898  0.705782  0.683086  0  0  0  0  0  0  0  0  0  0  0  0  0  
0.0136216	0  0  0  0  0  0  0  0  0  0  0  0  0  0  0  0  0  0  0  0  0  0  0  0  0  0  0  0  0  0  0  0  0  0  0  0  0  0  0  0  0  0  0  0  0  0  0  0  0  0  0  0  0  0  0  0  0  0  0  0  0  0  0  0  0  0  0  0  0  0  0  0  0  0  0  0  0  0  0  0  0  0  0  0  0  0  0  0  0  0  0  0  0  0  0  0  0  0  0  0  0  0  0  0  0  0  0  0  0  0.860821  0.904966  0.903031  0.872121  0.798256  0.722727  0.675755  0.683426  0.730613  0.588084  0  0  0  0  0  0  0  0  0  0  0  0  
0.0146411	0  0  0  0  0  0  0  0  0  0  0  0  0  0  0  0  0  0  0  0  0  0  0  0  0  0  0  0  0  0  0  0  0  0  0  0  0  0  0  0  0  0  0  0  0  0  0  0  0  0  0  0  0  0  0  0  0  0  0  0  0  0  0  0  0  0  0  0  0  0  0  0  0  0  0  0  0  0  0  0  0  0  0  0  0  0  0  0  0  0  0  0  0  0  0  0  0  0  0  0  0  0  0  0  0  0  0  0  0  0.86106  0.906642  0.90645  0.889206  0.826869  0.754304  0.692008  0.684893  0.719277  0.712553  0  0  0  0  0  0  0  0  0  0  0  0  
0.0156625	0  0  0  0  0  0  0  0  0  0  0  0  0  0  0  0  0  0  0  0  0  0  0  0  0  0  0  0  0  0  0  0  0  0  0  0  0  0  0  0  0  0  0  0  0  0  0  0  0  0  0  0  0  0  0  0  0  0  0  0  0  0  0  0  0  0  0  0  0  0  0  0  0  0  0  0  0  0  0  0  0  0  0  0  0  0  0  0  0  0  0  0  0  0  0  0  0  0  0  0  0  0  0  0  0  0  0  0  0  0.861119  0.908187  0.908725  0.89953  0.850582  0.781035  0.715252  0.689811  0.705405  0.743984  0.675042  0  0  0  0  0  0  0  0  0  0  0  
0.0167297	0  0  0  0  0  0  0  0  0  0  0  0  0  0  0  0  0  0  0  0  0  0  0  0  0  0  0  0  0  0  0  0  0  0  0  0  0  0  0  0  0  0  0  0  0  0  0  0  0  0  0  0  0  0  0  0  0  0  0  0  0  0  0  0  0  0  0  0  0  0  0  0  0  0  0  0  0  0  0  0  0  0  0  0  0  0  0  0  0  0  0  0  0  0  0  0  0  0  0  0  0  0  0  0  0  0  0  0  0  0.860605  0.90976  0.910668  0.906684  0.873172  0.808677  0.746766  0.698951  0.705008  0.733111  0.737918  0.779784  0  0  0  0  0  0  0  0  0  0  
0.017767	0  0  0  0  0  0  0  0  0  0  0  0  0  0  0  0  0  0  0  0  0  0  0  0  0  0  0  0  0  0  0  0  0  0  0  0  0  0  0  0  0  0  0  0  0  0  0  0  0  0  0  0  0  0  0  0  0  0  0  0  0  0  0  0  0  0  0  0  0  0  0  0  0  0  0  0  0  0  0  0  0  0  0  0  0  0  0  0  0  0  0  0  0  0  0  0  0  0  0  0  0  0  0  0  0  0  0  0  0  0.859835  0.911114  0.91227  0.910841  0.889315  0.832892  0.772828  0.719134  0.705608  0.724337  0.759798  0.679641  0  0  0  0  0  0  0  0  0  0  
0.0191568	0  0  0  0  0  0  0  0  0  0  0  0  0  0  0  0  0  0  0  0  0  0  0  0  0  0  0  0  0  0  0  0  0  0  0  0  0  0  0  0  0  0  0  0  0  0  0  0  0  0  0  0  0  0  0  0  0  0  0  0  0  0  0  0  0  0  0  0  0  0  0  0  0  0  0  0  0  0  0  0  0  0  0  0  0  0  0  0  0  0  0  0  0  0  0  0  0  0  0  0  0  0  0  0  0  0  0  0  0  0.85933  0.912493  0.91415  0.914131  0.901785  0.85655  0.796206  0.746248  0.709707  0.72544  0.750951  0.749864  0.690279  0  0  0  0  0  0  0  0  0  
0.0202239	0  0  0  0  0  0  0  0  0  0  0  0  0  0  0  0  0  0  0  0  0  0  0  0  0  0  0  0  0  0  0  0  0  0  0  0  0  0  0  0  0  0  0  0  0  0  0  0  0  0  0  0  0  0  0  0  0  0  0  0  0  0  0  0  0  0  0  0  0  0  0  0  0  0  0  0  0  0  0  0  0  0  0  0  0  0  0  0  0  0  0  0  0  0  0  0  0  0  0  0  0  0  0  0  0  0  0  0  0  0.859881  0.913254  0.915797  0.916442  0.911077  0.881691  0.827367  0.779469  0.732628  0.720655  0.745361  0.765182  0.706491  0  0  0  0  0  0  0  0  0  
0.0213066	0  0  0  0  0  0  0  0  0  0  0  0  0  0  0  0  0  0  0  0  0  0  0  0  0  0  0  0  0  0  0  0  0  0  0  0  0  0  0  0  0  0  0  0  0  0  0  0  0  0  0  0  0  0  0  0  0  0  0  0  0  0  0  0  0  0  0  0  0  0  0  0  0  0  0  0  0  0  0  0  0  0  0  0  0  0  0  0  0  0  0  0  0  0  0  0  0  0  0  0  0  0  0  0  0  0  0  0  0  0.860044  0.913877  0.917165  0.918029  0.915111  0.895301  0.848602  0.799137  0.756767  0.722693  0.746473  0.758217  0.757193  0.653639  0  0  0  0  0  0  0  0  
0.0224567	0  0  0  0  0  0  0  0  0  0  0  0  0  0  0  0  0  0  0  0  0  0  0  0  0  0  0  0  0  0  0  0  0  0  0  0  0  0  0  0  0  0  0  0  0  0  0  0  0  0  0  0  0  0  0  0  0  0  0  0  0  0  0  0  0  0  0  0  0  0  0  0  0  0  0  0  0  0  0  0  0  0  0  0  0  0  0  0  0  0  0  0  0  0  0  0  0  0  0  0  0  0  0  0  0  0  0  0  0  0.859835  0.914564  0.918524  0.919618  0.918132  0.907574  0.871781  0.823491  0.782912  0.740414  0.73915  0.760526  0.769553  0.718575  0  0  0  0  0  0  0  0  
0.0236576	0  0  0  0  0  0  0  0  0  0  0  0  0  0  0  0  0  0  0  0  0  0  0  0  0  0  0  0  0  0  0  0  0  0  0  0  0  0  0  0  0  0  0  0  0  0  0  0  0  0  0  0  0  0  0  0  0  0  0  0  0  0  0  0  0  0  0  0  0  0  0  0  0  0  0  0  0  0  0  0  0  0  0  0  0  0  0  0  0  0  0  0  0  0  0  0  0  0  0  0  0  0  0  0  0  0  0  0  0  0.859432  0.915307  0.919647  0.921017  0.919955  0.913906  0.886616  0.84249  0.800013  0.760679  0.736899  0.765449  0.767183  0.760768  0.745166  0  0  0  0  0  0  0  
0.0247345	0  0  0  0  0  0  0  0  0  0  0  0  0  0  0  0  0  0  0  0  0  0  0  0  0  0  0  0  0  0  0  0  0  0  0  0  0  0  0  0  0  0  0  0  0  0  0  0  0  0  0  0  0  0  0  0  0  0  0  0  0  0  0  0  0  0  0  0  0  0  0  0  0  0  0  0  0  0  0  0  0  0  0  0  0  0  0  0  0  0  0  0  0  0  0  0  0  0  0  0  0  0  0  0  0  0  0  0  0  0.859516  0.916109  0.920582  0.922323  0.921445  0.918587  0.902217  0.866241  0.823319  0.786436  0.750507  0.759329  0.769664  0.773393  0.759208  0  0  0  0  0  0  0  
0.0259886	0  0  0  0  0  0  0  0  0  0  0  0  0  0  0  0  0  0  0  0  0  0  0  0  0  0  0  0  0  0  0  0  0  0  0  0  0  0  0  0  0  0  0  0  0  0  0  0  0  0  0  0  0  0  0  0  0  0  0  0  0  0  0  0  0  0  0  0  0  0  0  0  0  0  0  0  0  0  0  0  0  0  0  0  0  0  0  0  0  0  0  0  0  0  0  0  0  0  0  0  0  0  0  0  0  0  0  0  0  0.859426  0.916964  0.921494  0.923594  0.922755  0.920965  0.91143  0.882499  0.842029  0.803382  0.770337  0.754922  0.776879  0.772151  0.788849  0.910257  0  0  0  0  0  0  
0.0270952	0  0  0  0  0  0  0  0  0  0  0  0  0  0  0  0  0  0  0  0  0  0  0  0  0  0  0  0  0  0  0  0  0  0  0  0  0  0  0  0  0  0  0  0  0  0  0  0  0  0  0  0  0  0  0  0  0  0  0  0  0  0  0  0  0  0  0  0  0  0  0  0  0  0  0  0  0  0  0  0  0  0  0  0  0  0  0  0  0  0  0  0  0  0  0  0  0  0  0  0  0  0  0  0  0  0  0  0  0  0.859413  0.917887  0.922308  0.924685  0.923872  0.922577  0.918258  0.899334  0.864731  0.825787  0.796234  0.762583  0.772618  0.774625  0.800964  0.836714  0  0  0  0  0  0  
0.0281388	0  0  0  0  0  0  0  0  0  0  0  0  0  0  0  0  0  0  0  0  0  0  0  0  0  0  0  0  0  0  0  0  0  0  0  0  0  0  0  0  0  0  0  0  0  0  0  0  0  0  0  0  0  0  0  0  0  0  0  0  0  0  0  0  0  0  0  0  0  0  0  0  0  0  0  0  0  0  0  0  0  0  0  0  0  0  0  0  0  0  0  0  0  0  0  0  0  0  0  0  0  0  0  0  0  0  0  0  0  0.859404  0.918616  0.923098  0.925584  0.924809  0.923645  0.921234  0.909585  0.880228  0.844225  0.81293  0.780141  0.766228  0.783249  0.796109  0.851457  0  0  0  0  0  0  
0.029191	0  0  0  0  0  0  0  0  0  0  0  0  0  0  0  0  0  0  0  0  0  0  0  0  0  0  0  0  0  0  0  0  0  0  0  0  0  0  0  0  0  0  0  0  0  0  0  0  0  0  0  0  0  0  0  0  0  0  0  0  0  0  0  0  0  0  0  0  0  0  0  0  0  0  0  0  0  0  0  0  0  0  0  0  0  0  0  0  0  0  0  0  0  0  0  0  0  0  0  0  0  0  0  0  0  0  0  0  0  0.859758  0.919244  0.923959  0.926417  0.925692  0.924567  0.922981  0.916886  0.894342  0.863196  0.829824  0.800249  0.767516  0.786453  0.790662  0.866577  0.877497  0  0  0  0  0  
0.0303503	0  0  0  0  0  0  0  0  0  0  0  0  0  0  0  0  0  0  0  0  0  0  0  0  0  0  0  0  0  0  0  0  0  0  0  0  0  0  0  0  0  0  0  0  0  0  0  0  0  0  0  0  0  0  0  0  0  0  0  0  0  0  0  0  0  0  0  0  0  0  0  0  0  0  0  0  0  0  0  0  0  0  0  0  0  0  0  0  0  0  0  0  0  0  0  0  0  0  0  0  0  0  0  0  0  0  0  0  0  0.860162  0.919803  0.924889  0.927269  0.926587  0.925466  0.924201  0.921083  0.905351  0.878495  0.845996  0.815449  0.781719  0.782354  0.795013  0.865795  0.877615  0  0  0  0  0  
0.0313866	0  0  0  0  0  0  0  0  0  0  0  0  0  0  0  0  0  0  0  0  0  0  0  0  0  0  0  0  0  0  0  0  0  0  0  0  0  0  0  0  0  0  0  0  0  0  0  0  0  0  0  0  0  0  0  0  0  0  0  0  0  0  0  0  0  0  0  0  0  0  0  0  0  0  0  0  0  0  0  0  0  0  0  0  0  0  0  0  0  0  0  0  0  0  0  0  0  0  0  0  0  0  0  0  0  0  0  0  0  0.860556  0.920342  0.925735  0.928015  0.927345  0.926218  0.925079  0.923384  0.913916  0.891707  0.862242  0.829068  0.800483  0.777573  0.8009  0.857513  0.889318  0  0  0  0  0  
0.0324086	0  0  0  0  0  0  0  0  0  0  0  0  0  0  0  0  0  0  0  0  0  0  0  0  0  0  0  0  0  0  0  0  0  0  0  0  0  0  0  0  0  0  0  0  0  0  0  0  0  0  0  0  0  0  0  0  0  0  0  0  0  0  0  0  0  0  0  0  0  0  0  0  0  0  0  0  0  0  0  0  0  0  0  0  0  0  0  0  0  0  0  0  0  0  0  0  0  0  0  0  0  0  0  0  0  0  0  0  0  0.860964  0.920972  0.926539  0.928755  0.928052  0.926918  0.925824  0.924742  0.919873  0.903953  0.878758  0.846001  0.819939  0.781393  0.801457  0.84902  0.900978  0.936051  0  0  0  0  
0.0336661	0  0  0  0  0  0  0  0  0  0  0  0  0  0  0  0  0  0  0  0  0  0  0  0  0  0  0  0  0  0  0  0  0  0  0  0  0  0  0  0  0  0  0  0  0  0  0  0  0  0  0  0  0  0  0  0  0  0  0  0  0  0  0  0  0  0  0  0  0  0  0  0  0  0  0  0  0  0  0  0  0  0  0  0  0  0  0  0  0  0  0  0  0  0  0  0  0  0  0  0  0  0  0  0  0  0  0  0  0  0.861263  0.921701  0.92738  0.929644  0.928869  0.92772  0.926636  0.925793  0.923238  0.913455  0.891806  0.863109  0.83271  0.798516  0.795674  0.849486  0.900564  0.933216  0  0  0  0  
0.0347239	0  0  0  0  0  0  0  0  0  0  0  0  0  0  0  0  0  0  0  0  0  0  0  0  0  0  0  0  0  0  0  0  0  0  0  0  0  0  0  0  0  0  0  0  0  0  0  0  0  0  0  0  0  0  0  0  0  0  0  0  0  0  0  0  0  0  0  0  0  0  0  0  0  0  0  0  0  0  0  0  0  0  0  0  0  0  0  0  0  0  0  0  0  0  0  0  0  0  0  0  0  0  0  0  0  0  0  0  0  0.861813  0.922415  0.928069  0.930402  0.92953  0.928363  0.927274  0.92651  0.924844  0.920021  0.903336  0.879677  0.844763  0.817707  0.79002  0.85268  0.893645  0.939578  0  0  0  0  
0.0361459	0  0  0  0  0  0  0  0  0  0  0  0  0  0  0  0  0  0  0  0  0  0  0  0  0  0  0  0  0  0  0  0  0  0  0  0  0  0  0  0  0  0  0  0  0  0  0  0  0  0  0  0  0  0  0  0  0  0  0  0  0  0  0  0  0  0  0  0  0  0  0  0  0  0  0  0  0  0  0  0  0  0  0  0  0  0  0  0  0  0  0  0  0  0  0  0  0  0  0  0  0  0  0  0  0  0  0  0  0  0.862393  0.923274  0.928904  0.931355  0.93038  0.929177  0.928075  0.927328  0.925997  0.924356  0.914682  0.894985  0.861492  0.835087  0.79588  0.852543  0.883968  0.94993  0.987974  0  0  0  
0.0372187	0  0  0  0  0  0  0  0  0  0  0  0  0  0  0  0  0  0  0  0  0  0  0  0  0  0  0  0  0  0  0  0  0  0  0  0  0  0  0  0  0  0  0  0  0  0  0  0  0  0  0  0  0  0  0  0  0  0  0  0  0  0  0  0  0  0  0  0  0  0  0  0  0  0  0  0  0  0  0  0  0  0  0  0  0  0  0  0  0  0  0  0  0  0  0  0  0  0  0  0  0  0  0  0  0  0  0  0  0  0.863174  0.924094  0.929631  0.932082  0.931014  0.929767  0.92865  0.927895  0.926666  0.926431  0.923431  0.907315  0.880982  0.84622  0.81427  0.844186  0.880808  0.95279  0.961356  0  0  0  
0.0385653	0  0  0  0  0  0  0  0  0  0  0  0  0  0  0  0  0  0  0  0  0  0  0  0  0  0  0  0  0  0  0  0  0  0  0  0  0  0  0  0  0  0  0  0  0  0  0  0  0  0  0  0  0  0  0  0  0  0  0  0  0  0  0  0  0  0  0  0  0  0  0  0  0  0  0  0  0  0  0  0  0  0  0  0  0  0  0  0  0  0  0  0  0  0  0  0  0  0  0  0  0  0  0  0  0  0  0  0  0  0.864016  0.924885  0.930493  0.9329  0.931777  0.930473  0.929334  0.928553  0.92734  0.927573  0.928411  0.918192  0.89824  0.857961  0.835831  0.835386  0.883165  0.948666  0.961957  0  0  0  
0.0397351	0  0  0  0  0  0  0  0  0  0  0  0  0  0  0  0  0  0  0  0  0  0  0  0  0  0  0  0  0  0  0  0  0  0  0  0  0  0  0  0  0  0  0  0  0  0  0  0  0  0  0  0  0  0  0  0  0  0  0  0  0  0  0  0  0  0  0  0  0  0  0  0  0  0  0  0  0  0  0  0  0  0  0  0  0  0  0  0  0  0  0  0  0  0  0  0  0  0  0  0  0  0  0  0  0  0  0  0  0  0.864877  0.925529  0.931271  0.933578  0.932419  0.931064  0.929902  0.929093  0.927871  0.928244  0.930537  0.926794  0.909281  0.872296  0.848877  0.835967  0.884718  0.941815  0.96665  0  0  0  
0.0410657	0  0  0  0  0  0  0  0  0  0  0  0  0  0  0  0  0  0  0  0  0  0  0  0  0  0  0  0  0  0  0  0  0  0  0  0  0  0  0  0  0  0  0  0  0  0  0  0  0  0  0  0  0  0  0  0  0  0  0  0  0  0  0  0  0  0  0  0  0  0  0  0  0  0  0  0  0  0  0  0  0  0  0  0  0  0  0  0  0  0  0  0  0  0  0  0  0  0  0  0  0  0  0  0  0  0  0  0  0  0.866034  0.926336  0.9322  0.93434  0.933126  0.931716  0.930522  0.929678  0.928434  0.928853  0.931789  0.934743  0.919963  0.893522  0.857893  0.850913  0.881638  0.933273  0.972796  0.91025  0  0  
0.0421462	0  0  0  0  0  0  0  0  0  0  0  0  0  0  0  0  0  0  0  0  0  0  0  0  0  0  0  0  0  0  0  0  0  0  0  0  0  0  0  0  0  0  0  0  0  0  0  0  0  0  0  0  0  0  0  0  0  0  0  0  0  0  0  0  0  0  0  0  0  0  0  0  0  0  0  0  0  0  0  0  0  0  0  0  0  0  0  0  0  0  0  0  0  0  0  0  0  0  0  0  0  0  0  0  0  0  0  0  0  0.86698  0.927082  0.932956  0.934966  0.933678  0.932229  0.931006  0.930131  0.928865  0.929283  0.932385  0.938256  0.928988  0.90908  0.864805  0.868895  0.875433  0.930376  0.974425  0.910535  0  0  
0.0433089	0  0  0  0  0  0  0  0  0  0  0  0  0  0  0  0  0  0  0  0  0  0  0  0  0  0  0  0  0  0  0  0  0  0  0  0  0  0  0  0  0  0  0  0  0  0  0  0  0  0  0  0  0  0  0  0  0  0  0  0  0  0  0  0  0  0  0  0  0  0  0  0  0  0  0  0  0  0  0  0  0  0  0  0  0  0  0  0  0  0  0  0  0  0  0  0  0  0  0  0  0  0  0  0  0  0  0  0  0  0.86778  0.92778  0.933643  0.935604  0.934242  0.932765  0.931509  0.930601  0.929307  0.92971  0.93283  0.9396  0.937285  0.91867  0.874655  0.881906  0.871716  0.930991  0.973279  0.910849  0  0  
0.0446639	0  0  0  0  0  0  0  0  0  0  0  0  0  0  0  0  0  0  0  0  0  0  0  0  0  0  0  0  0  0  0  0  0  0  0  0  0  0  0  0  0  0  0  0  0  0  0  0  0  0  0  0  0  0  0  0  0  0  0  0  0  0  0  0  0  0  0  0  0  0  0  0  0  0  0  0  0  0  0  0  0  0  0  0  0  0  0  0  0  0  0  0  0  0  0  0  0  0  0  0  0  0  0  0  0  0  0  0  0  0.868996  0.928731  0.934471  0.936358  0.934879  0.933369  0.932076  0.931128  0.929798  0.930177  0.933273  0.940424  0.947093  0.926854  0.893069  0.892014  0.874878  0.933429  0.969246  0.911214  0  0  
0.046019	0  0  0  0  0  0  0  0  0  0  0  0  0  0  0  0  0  0  0  0  0  0  0  0  0  0  0  0  0  0  0  0  0  0  0  0  0  0  0  0  0  0  0  0  0  0  0  0  0  0  0  0  0  0  0  0  0  0  0  0  0  0  0  0  0  0  0  0  0  0  0  0  0  0  0  0  0  0  0  0  0  0  0  0  0  0  0  0  0  0  0  0  0  0  0  0  0  0  0  0  0  0  0  0  0  0  0  0  0  0.870238  0.929696  0.935292  0.937085  0.935495  0.933952  0.932624  0.931635  0.930265  0.930618  0.933664  0.940878  0.952644  0.933956  0.911286  0.896684  0.887755  0.934999  0.963721  0.911565  0  0  
0.0473741	0  0  0  0  0  0  0  0  0  0  0  0  0  0  0  0  0  0  0  0  0  0  0  0  0  0  0  0  0  0  0  0  0  0  0  0  0  0  0  0  0  0  0  0  0  0  0  0  0  0  0  0  0  0  0  0  0  0  0  0  0  0  0  0  0  0  0  0  0  0  0  0  0  0  0  0  0  0  0  0  0  0  0  0  0  0  0  0  0  0  0  0  0  0  0  0  0  0  0  0  0  0  0  0  0  0  0  0  0  0.871533  0.930653  0.936135  0.937771  0.936094  0.934513  0.933154  0.932123  0.930711  0.931035  0.934027  0.941195  0.954636  0.943486  0.924092  0.9022  0.903574  0.93557  0.958665  0.911902  0.774347  0  
0.0484067	0  0  0  0  0  0  0  0  0  0  0  0  0  0  0  0  0  0  0  0  0  0  0  0  0  0  0  0  0  0  0  0  0  0  0  0  0  0  0  0  0  0  0  0  0  0  0  0  0  0  0  0  0  0  0  0  0  0  0  0  0  0  0  0  0  0  0  0  0  0  0  0  0  0  0  0  0  0  0  0  0  0  0  0  0  0  0  0  0  0  0  0  0  0  0  0  0  0  0  0  0  0  0  0  0  0  0  0  0  0.872714  0.931436  0.936836  0.938276  0.936544  0.934927  0.933546  0.932484  0.931039  0.931338  0.934288  0.941392  0.955221  0.953063  0.930283  0.910658  0.91471  0.936349  0.956596  0.91215  0.778361  0  
0.0496014	0  0  0  0  0  0  0  0  0  0  0  0  0  0  0  0  0  0  0  0  0  0  0  0  0  0  0  0  0  0  0  0  0  0  0  0  0  0  0  0  0  0  0  0  0  0  0  0  0  0  0  0  0  0  0  0  0  0  0  0  0  0  0  0  0  0  0  0  0  0  0  0  0  0  0  0  0  0  0  0  0  0  0  0  0  0  0  0  0  0  0  0  0  0  0  0  0  0  0  0  0  0  0  0  0  0  0  0  0  0.87384  0.93219  0.937554  0.938815  0.937047  0.935391  0.933988  0.932891  0.931407  0.931676  0.934578  0.941594  0.955507  0.96155  0.933734  0.921173  0.922427  0.938208  0.957385  0.912436  0.781126  0  
0.0509566	0  0  0  0  0  0  0  0  0  0  0  0  0  0  0  0  0  0  0  0  0  0  0  0  0  0  0  0  0  0  0  0  0  0  0  0  0  0  0  0  0  0  0  0  0  0  0  0  0  0  0  0  0  0  0  0  0  0  0  0  0  0  0  0  0  0  0  0  0  0  0  0  0  0  0  0  0  0  0  0  0  0  0  0  0  0  0  0  0  0  0  0  0  0  0  0  0  0  0  0  0  0  0  0  0  0  0  0  0  0.87531  0.933163  0.938391  0.93942  0.937602  0.935902  0.934475  0.933338  0.931809  0.932042  0.934892  0.941807  0.955729  0.969638  0.937557  0.934573  0.929065  0.943048  0.961024  0.912764  0.784283  0  
0.0523118	0  0  0  0  0  0  0  0  0  0  0  0  0  0  0  0  0  0  0  0  0  0  0  0  0  0  0  0  0  0  0  0  0  0  0  0  0  0  0  0  0  0  0  0  0  0  0  0  0  0  0  0  0  0  0  0  0  0  0  0  0  0  0  0  0  0  0  0  0  0  0  0  0  0  0  0  0  0  0  0  0  0  0  0  0  0  0  0  0  0  0  0  0  0  0  0  0  0  0  0  0  0  0  0  0  0  0  0  0  0.87678  0.934178  0.939168  0.94002  0.938136  0.936397  0.934946  0.933772  0.932198  0.932395  0.935191  0.942007  0.95587  0.974331  0.943305  0.944977  0.933997  0.950363  0.965685  0.913101  0.787412  0  
0.0536669	0  0  0  0  0  0  0  0  0  0  0  0  0  0  0  0  0  0  0  0  0  0  0  0  0  0  0  0  0  0  0  0  0  0  0  0  0  0  0  0  0  0  0  0  0  0  0  0  0  0  0  0  0  0  0  0  0  0  0  0  0  0  0  0  0  0  0  0  0  0  0  0  0  0  0  0  0  0  0  0  0  0  0  0  0  0  0  0  0  0  0  0  0  0  0  0  0  0  0  0  0  0  0  0  0  0  0  0  0  0.878308  0.935221  0.939883  0.94062  0.938648  0.936877  0.935402  0.934193  0.932574  0.932734  0.935474  0.942199  0.955966  0.976712  0.951186  0.951847  0.938923  0.958783  0.970061  0.913447  0.790483  0  
0.0550221	0  0  0  0  0  0  0  0  0  0  0  0  0  0  0  0  0  0  0  0  0  0  0  0  0  0  0  0  0  0  0  0  0  0  0  0  0  0  0  0  0  0  0  0  0  0  0  0  0  0  0  0  0  0  0  0  0  0  0  0  0  0  0  0  0  0  0  0  0  0  0  0  0  0  0  0  0  0  0  0  0  0  0  0  0  0  0  0  0  0  0  0  0  0  0  0  0  0  0  0  0  0  0  0  0  0  0  0  0  0.879905  0.936254  0.940562  0.941213  0.93914  0.937343  0.935845  0.934601  0.932939  0.933062  0.935744  0.942384  0.956043  0.978099  0.959277  0.956162  0.944521  0.96685  0.973717  0.913798  0.793482  0  
0.0563756	0  0  0  0  0  0  0  0  0  0  0  0  0  0  0  0  0  0  0  0  0  0  0  0  0  0  0  0  0  0  0  0  0  0  0  0  0  0  0  0  0  0  0  0  0  0  0  0  0  0  0  0  0  0  0  0  0  0  0  0  0  0  0  0  0  0  0  0  0  0  0  0  0  0  0  0  0  0  0  0  0  0  0  0  0  0  0  0  0  0  0  0  0  0  0  0  0  0  0  0  0  0  0  0  0  0  0  0  0  0.881579  0.937232  0.94124  0.941785  0.939614  0.937795  0.936274  0.934996  0.933293  0.933378  0.936002  0.942561  0.956113  0.979343  0.965828  0.959249  0.950511  0.973715  0.976684  0.914147  0.796396  0  
0.0577199	0  0  0  0  0  0  0  0  0  0  0  0  0  0  0  0  0  0  0  0  0  0  0  0  0  0  0  0  0  0  0  0  0  0  0  0  0  0  0  0  0  0  0  0  0  0  0  0  0  0  0  0  0  0  0  0  0  0  0  0  0  0  0  0  0  0  0  0  0  0  0  0  0  0  0  0  0  0  0  0  0  0  0  0  0  0  0  0  0  0  0  0  0  0  0  0  0  0  0  0  0  0  0  0  0  0  0  0  0  0.883327  0.938124  0.941943  0.942324  0.940071  0.938229  0.936689  0.935376  0.933635  0.933681  0.93625  0.942728  0.956179  0.980493  0.970331  0.962168  0.956216  0.979105  0.979164  0.914484  0.799203  0  
0.0590535	0  0  0  0  0  0  0  0  0  0  0  0  0  0  0  0  0  0  0  0  0  0  0  0  0  0  0  0  0  0  0  0  0  0  0  0  0  0  0  0  0  0  0  0  0  0  0  0  0  0  0  0  0  0  0  0  0  0  0  0  0  0  0  0  0  0  0  0  0  0  0  0  0  0  0  0  0  0  0  0  0  0  0  0  0  0  0  0  0  0  0  0  0  0  0  0  0  0  0  0  0  0  0  0  0  0  0  0  0  0.885106  0.938943  0.942671  0.942828  0.940512  0.938647  0.937088  0.935743  0.933965  0.933971  0.936488  0.942886  0.956242  0.981126  0.973149  0.965407  0.961162  0.9831  0.981468  0.914804  0.801889  0  
0.060376	0  0  0  0  0  0  0  0  0  0  0  0  0  0  0  0  0  0  0  0  0  0  0  0  0  0  0  0  0  0  0  0  0  0  0  0  0  0  0  0  0  0  0  0  0  0  0  0  0  0  0  0  0  0  0  0  0  0  0  0  0  0  0  0  0  0  0  0  0  0  0  0  0  0  0  0  0  0  0  0  0  0  0  0  0  0  0  0  0  0  0  0  0  0  0  0  0  0  0  0  0  0  0  0  0  0  0  0  0  0.886849  0.939742  0.943399  0.9433  0.940937  0.939049  0.937473  0.936098  0.934284  0.93425  0.936718  0.943035  0.956303  0.981308  0.974907  0.968864  0.965241  0.985935  0.98384  0.915102  0.804441  0  
0.0616895	0  0  0  0  0  0  0  0  0  0  0  0  0  0  0  0  0  0  0  0  0  0  0  0  0  0  0  0  0  0  0  0  0  0  0  0  0  0  0  0  0  0  0  0  0  0  0  0  0  0  0  0  0  0  0  0  0  0  0  0  0  0  0  0  0  0  0  0  0  0  0  0  0  0  0  0  0  0  0  0  0  0  0  0  0  0  0  0  0  0  0  0  0  0  0  0  0  0  0  0  0  0  0  0  0  0  0  0  0  0.888505  0.940582  0.944094  0.943748  0.941346  0.939438  0.937844  0.936441  0.934592  0.93452  0.936939  0.943175  0.956363  0.981344  0.976167  0.972173  0.968535  0.987886  0.98626  0.915379  0.806845  0.562487  
0.0629947	0  0  0  0  0  0  0  0  0  0  0  0  0  0  0  0  0  0  0  0  0  0  0  0  0  0  0  0  0  0  0  0  0  0  0  0  0  0  0  0  0  0  0  0  0  0  0  0  0  0  0  0  0  0  0  0  0  0  0  0  0  0  0  0  0  0  0  0  0  0  0  0  0  0  0  0  0  0  0  0  0  0  0  0  0  0  0  0  0  0  0  0  0  0  0  0  0  0  0  0  0  0  0  0  0  0  0  0  0  0.890054  0.941503  0.944731  0.944179  0.941741  0.939813  0.938202  0.936773  0.93489  0.934781  0.937152  0.94331  0.95642  0.981353  0.977335  0.975035  0.97116  0.989217  0.988386  0.915636  0.809097  0.570435  
0.0642897	0  0  0  0  0  0  0  0  0  0  0  0  0  0  0  0  0  0  0  0  0  0  0  0  0  0  0  0  0  0  0  0  0  0  0  0  0  0  0  0  0  0  0  0  0  0  0  0  0  0  0  0  0  0  0  0  0  0  0  0  0  0  0  0  0  0  0  0  0  0  0  0  0  0  0  0  0  0  0  0  0  0  0  0  0  0  0  0  0  0  0  0  0  0  0  0  0  0  0  0  0  0  0  0  0  0  0  0  0  0.891517  0.942502  0.945305  0.944596  0.94212  0.940176  0.938548  0.937096  0.935177  0.935036  0.937356  0.94344  0.956475  0.981357  0.978619  0.977348  0.973225  0.990124  0.989783  0.915874  0.811193  0.577986  
0.0655769	0  0  0  0  0  0  0  0  0  0  0  0  0  0  0  0  0  0  0  0  0  0  0  0  0  0  0  0  0  0  0  0  0  0  0  0  0  0  0  0  0  0  0  0  0  0  0  0  0  0  0  0  0  0  0  0  0  0  0  0  0  0  0  0  0  0  0  0  0  0  0  0  0  0  0  0  0  0  0  0  0  0  0  0  0  0  0  0  0  0  0  0  0  0  0  0  0  0  0  0  0  0  0  0  0  0  0  0  0  0.892956  0.943541  0.945824  0.945001  0.942486  0.940527  0.938883  0.937408  0.935454  0.935283  0.937551  0.943567  0.956527  0.98136  0.980036  0.97916  0.974829  0.990716  0.990342  0.916095  0.813133  0.585341  
0.0668555	0  0  0  0  0  0  0  0  0  0  0  0  0  0  0  0  0  0  0  0  0  0  0  0  0  0  0  0  0  0  0  0  0  0  0  0  0  0  0  0  0  0  0  0  0  0  0  0  0  0  0  0  0  0  0  0  0  0  0  0  0  0  0  0  0  0  0  0  0  0  0  0  0  0  0  0  0  0  0  0  0  0  0  0  0  0  0  0  0  0  0  0  0  0  0  0  0  0  0  0  0  0  0  0  0  0  0  0  0  0.894431  0.944558  0.946307  0.94539  0.942839  0.940865  0.939208  0.93771  0.935723  0.935524  0.937739  0.943691  0.956576  0.981363  0.981468  0.980568  0.976063  0.991044  0.990475  0.916302  0.814909  0.592444  
0.0681242	0  0  0  0  0  0  0  0  0  0  0  0  0  0  0  0  0  0  0  0  0  0  0  0  0  0  0  0  0  0  0  0  0  0  0  0  0  0  0  0  0  0  0  0  0  0  0  0  0  0  0  0  0  0  0  0  0  0  0  0  0  0  0  0  0  0  0  0  0  0  0  0  0  0  0  0  0  0  0  0  0  0  0  0  0  0  0  0  0  0  0  0  0  0  0  0  0  0  0  0  0  0  0  0  0  0  0  0  0  0.895966  0.945502  0.946768  0.945764  0.943181  0.941192  0.939523  0.938001  0.935984  0.935757  0.93792  0.943813  0.956622  0.981366  0.982782  0.981677  0.977018  0.991183  0.9905  0.916495  0.816523  0.599235  
0.0693849	0  0  0  0  0  0  0  0  0  0  0  0  0  0  0  0  0  0  0  0  0  0  0  0  0  0  0  0  0  0  0  0  0  0  0  0  0  0  0  0  0  0  0  0  0  0  0  0  0  0  0  0  0  0  0  0  0  0  0  0  0  0  0  0  0  0  0  0  0  0  0  0  0  0  0  0  0  0  0  0  0  0  0  0  0  0  0  0  0  0  0  0  0  0  0  0  0  0  0  0  0  0  0  0  0  0  0  0  0  0.897463  0.946354  0.947218  0.946122  0.943511  0.941509  0.939828  0.938283  0.936239  0.935982  0.938096  0.94393  0.956666  0.981369  0.983893  0.982567  0.977773  0.991227  0.990505  0.916675  0.817984  0.605672  
0.070594	0  0  0  0  0  0  0  0  0  0  0  0  0  0  0  0  0  0  0  0  0  0  0  0  0  0  0  0  0  0  0  0  0  0  0  0  0  0  0  0  0  0  0  0  0  0  0  0  0  0  0  0  0  0  0  0  0  0  0  0  0  0  0  0  0  0  0  0  0  0  0  0  0  0  0  0  0  0  0  0  0  0  0  0  0  0  0  0  0  0  0  0  0  0  0  0  0  0  0  0  0  0  0  0  0  0  0  0  0  0.897807  0.947193  0.947643  0.946454  0.94382  0.941804  0.940114  0.938546  0.936478  0.936191  0.938261  0.94404  0.956707  0.981372  0.984784  0.983291  0.978396  0.991238  0.990506  0.916838  0.819263  0.611495  
0.0718376	0  0  0  0  0  0  0  0  0  0  0  0  0  0  0  0  0  0  0  0  0  0  0  0  0  0  0  0  0  0  0  0  0  0  0  0  0  0  0  0  0  0  0  0  0  0  0  0  0  0  0  0  0  0  0  0  0  0  0  0  0  0  0  0  0  0  0  0  0  0  0  0  0  0  0  0  0  0  0  0  0  0  0  0  0  0  0  0  0  0  0  0  0  0  0  0  0  0  0  0  0  0  0  0  0  0  0  0  0.439177  0.885918  0.948687  0.948012  0.946785  0.944129  0.942102  0.940401  0.938811  0.93672  0.9364  0.938429  0.94415  0.956747  0.981374  0.985458  0.983865  0.978923  0.991241  0.990507  0.916995  0.820467  0.61707  
0.0730729	0  0  0  0  0  0  0  0  0  0  0  0  0  0  0  0  0  0  0  0  0  0  0  0  0  0  0  0  0  0  0  0  0  0  0  0  0  0  0  0  0  0  0  0  0  0  0  0  0  0  0  0  0  0  0  0  0  0  0  0  0  0  0  0  0  0  0  0  0  0  0  0  0  0  0  0  0  0  0  0  0  0  0  0  0  0  0  0  0  0  0  0  0  0  0  0  0  0  0  0  0  0  0  0  0  0  0  0  0.573939  0.858442  0.949908  0.948402  0.947103  0.944428  0.94239  0.940679  0.939068  0.936955  0.936601  0.938595  0.944255  0.956787  0.981377  0.986001  0.98435  0.979422  0.991241  0.990507  0.917141  0.821563  0.622144  
0.0742996	0  0  0  0  0  0  0  0  0  0  0  0  0  0  0  0  0  0  0  0  0  0  0  0  0  0  0  0  0  0  0  0  0  0  0  0  0  0  0  0  0  0  0  0  0  0  0  0  0  0  0  0  0  0  0  0  0  0  0  0  0  0  0  0  0  0  0  0  0  0  0  0  0  0  0  0  0  0  0  0  0  0  0  0  0  0  0  0  0  0  0  0  0  0  0  0  0  0  0  0  0  0  0  0  0  0  0  0  0.602054  0.836979  0.949402  0.948905  0.947406  0.944717  0.94267  0.940947  0.939318  0.937183  0.936797  0.938757  0.944355  0.956825  0.981379  0.986426  0.984745  0.97989  0.991241  0.990507  0.917277  0.822566  0.6267  
0.0755193	0  0  0  0  0  0  0  0  0  0  0  0  0  0  0  0  0  0  0  0  0  0  0  0  0  0  0  0  0  0  0  0  0  0  0  0  0  0  0  0  0  0  0  0  0  0  0  0  0  0  0  0  0  0  0  0  0  0  0  0  0  0  0  0  0  0  0  0  0  0  0  0  0  0  0  0  0  0  0  0  0  0  0  0  0  0  0  0  0  0  0  0  0  0  0  0  0  0  0  0  0  0  0  0  0  0  0  0  0.611141  0.832039  0.946258  0.949388  0.9477  0.944997  0.942942  0.941207  0.939562  0.937403  0.936987  0.938916  0.944451  0.956863  0.981382  0.986767  0.985066  0.980329  0.991242  0.990508  0.917403  0.823489  0.630749  
0.0767315	0  0  0  0  0  0  0  0  0  0  0  0  0  0  0  0  0  0  0  0  0  0  0  0  0  0  0  0  0  0  0  0  0  0  0  0  0  0  0  0  0  0  0  0  0  0  0  0  0  0  0  0  0  0  0  0  0  0  0  0  0  0  0  0  0  0  0  0  0  0  0  0  0  0  0  0  0  0  0  0  0  0  0  0  0  0  0  0  0  0  0  0  0  0  0  0  0  0  0  0  0  0  0  0  0  0  0  0  0.615183  0.841612  0.939651  0.949755  0.947991  0.945269  0.943207  0.94146  0.939801  0.937615  0.937173  0.93907  0.944544  0.956901  0.981384  0.987046  0.985329  0.98073  0.991242  0.990508  0.91752  0.82434  0.634313  
0.0779357	0  0  0  0  0  0  0  0  0  0  0  0  0  0  0  0  0  0  0  0  0  0  0  0  0  0  0  0  0  0  0  0  0  0  0  0  0  0  0  0  0  0  0  0  0  0  0  0  0  0  0  0  0  0  0  0  0  0  0  0  0  0  0  0  0  0  0  0  0  0  0  0  0  0  0  0  0  0  0  0  0  0  0  0  0  0  0  0  0  0  0  0  0  0  0  0  0  0  0  0  0  0  0  0  0  0  0  0  0.617676  0.85876  0.931324  0.950009  0.948279  0.945533  0.943463  0.941705  0.940033  0.93782  0.937356  0.93922  0.944634  0.956938  0.981386  0.98728  0.985548  0.981081  0.991242  0.990508  0.917629  0.825125  0.63743  
0.0791332	0  0  0  0  0  0  0  0  0  0  0  0  0  0  0  0  0  0  0  0  0  0  0  0  0  0  0  0  0  0  0  0  0  0  0  0  0  0  0  0  0  0  0  0  0  0  0  0  0  0  0  0  0  0  0  0  0  0  0  0  0  0  0  0  0  0  0  0  0  0  0  0  0  0  0  0  0  0  0  0  0  0  0  0  0  0  0  0  0  0  0  0  0  0  0  0  0  0  0  0  0  0  0  0  0  0  0  0  0.619768  0.877344  0.924726  0.950126  0.948556  0.94579  0.94371  0.941943  0.940259  0.938019  0.937536  0.939364  0.944722  0.956974  0.981388  0.987481  0.985735  0.981377  0.991242  0.990508  0.917731  0.825852  0.640148  
0.0803224	0  0  0  0  0  0  0  0  0  0  0  0  0  0  0  0  0  0  0  0  0  0  0  0  0  0  0  0  0  0  0  0  0  0  0  0  0  0  0  0  0  0  0  0  0  0  0  0  0  0  0  0  0  0  0  0  0  0  0  0  0  0  0  0  0  0  0  0  0  0  0  0  0  0  0  0  0  0  0  0  0  0  0  0  0  0  0  0  0  0  0  0  0  0  0  0  0  0  0  0  0  0  0  0  0  0  0  0  0.622005  0.893517  0.92232  0.949952  0.948816  0.946041  0.94395  0.942176  0.940477  0.938211  0.937712  0.939503  0.944807  0.957009  0.98139  0.987655  0.9859  0.981619  0.991242  0.990508  0.917826  0.826524  0.642509  
0.0815048	0  0  0  0  0  0  0  0  0  0  0  0  0  0  0  0  0  0  0  0  0  0  0  0  0  0  0  0  0  0  0  0  0  0  0  0  0  0  0  0  0  0  0  0  0  0  0  0  0  0  0  0  0  0  0  0  0  0  0  0  0  0  0  0  0  0  0  0  0  0  0  0  0  0  0  0  0  0  0  0  0  0  0  0  0  0  0  0  0  0  0  0  0  0  0  0  0  0  0  0  0  0  0  0  0  0  0  0  0.624679  0.905611  0.924774  0.949096  0.949061  0.946286  0.944183  0.942403  0.940689  0.938399  0.937885  0.939637  0.944892  0.957043  0.981392  0.987806  0.986049  0.981813  0.991243  0.990508  0.917916  0.827146  0.644564  
0.08268	0  0  0  0  0  0  0  0  0  0  0  0  0  0  0  0  0  0  0  0  0  0  0  0  0  0  0  0  0  0  0  0  0  0  0  0  0  0  0  0  0  0  0  0  0  0  0  0  0  0  0  0  0  0  0  0  0  0  0  0  0  0  0  0  0  0  0  0  0  0  0  0  0  0  0  0  0  0  0  0  0  0  0  0  0  0  0  0  0  0  0  0  0  0  0  0  0  0  0  0  0  0  0  0  0  0  0  0  0.627746  0.91362  0.930934  0.947198  0.949295  0.946524  0.94441  0.942625  0.940894  0.938582  0.938054  0.939765  0.944975  0.957076  0.981394  0.987936  0.986185  0.981965  0.991243  0.990509  0.917999  0.82772  0.646351  
0.0838475	0  0  0  0  0  0  0  0  0  0  0  0  0  0  0  0  0  0  0  0  0  0  0  0  0  0  0  0  0  0  0  0  0  0  0  0  0  0  0  0  0  0  0  0  0  0  0  0  0  0  0  0  0  0  0  0  0  0  0  0  0  0  0  0  0  0  0  0  0  0  0  0  0  0  0  0  0  0  0  0  0  0  0  0  0  0  0  0  0  0  0  0  0  0  0  0  0  0  0  0  0  0  0  0  0  0  0  0  0.630937  0.918447  0.938546  0.944831  0.94952  0.946752  0.944631  0.942841  0.941092  0.938762  0.938219  0.93989  0.945058  0.957108  0.981395  0.988048  0.986311  0.982086  0.991243  0.990509  0.918078  0.828249  0.647909  
0.0850092	0  0  0  0  0  0  0  0  0  0  0  0  0  0  0  0  0  0  0  0  0  0  0  0  0  0  0  0  0  0  0  0  0  0  0  0  0  0  0  0  0  0  0  0  0  0  0  0  0  0  0  0  0  0  0  0  0  0  0  0  0  0  0  0  0  0  0  0  0  0  0  0  0  0  0  0  0  0  0  0  0  0  0  0  0  0  0  0  0  0  0  0  0  0  0  0  0  0  0  0  0  0  0  0  0  0  0  0  0.634015  0.921163  0.945524  0.943321  0.949734  0.946971  0.944848  0.943051  0.941284  0.938939  0.938378  0.940011  0.945139  0.957138  0.981397  0.988145  0.986427  0.98218  0.991243  0.990509  0.918152  0.828737  0.649269  
0.0861648	0  0  0  0  0  0  0  0  0  0  0  0  0  0  0  0  0  0  0  0  0  0  0  0  0  0  0  0  0  0  0  0  0  0  0  0  0  0  0  0  0  0  0  0  0  0  0  0  0  0  0  0  0  0  0  0  0  0  0  0  0  0  0  0  0  0  0  0  0  0  0  0  0  0  0  0  0  0  0  0  0  0  0  0  0  0  0  0  0  0  0  0  0  0  0  0  0  0  0  0  0  0  0  0  0  0  0  0  0.636862  0.922727  0.950624  0.943565  0.949926  0.947181  0.945061  0.943256  0.94147  0.939113  0.938531  0.940129  0.945219  0.957168  0.981399  0.988228  0.986532  0.982254  0.991243  0.990509  0.918222  0.829188  0.650459  
0.087314	0  0  0  0  0  0  0  0  0  0  0  0  0  0  0  0  0  0  0  0  0  0  0  0  0  0  0  0  0  0  0  0  0  0  0  0  0  0  0  0  0  0  0  0  0  0  0  0  0  0  0  0  0  0  0  0  0  0  0  0  0  0  0  0  0  0  0  0  0  0  0  0  0  0  0  0  0  0  0  0  0  0  0  0  0  0  0  0  0  0  0  0  0  0  0  0  0  0  0  0  0  0  0  0  0  0  0  0  0.639447  0.923917  0.953677  0.945511  0.950065  0.947384  0.945268  0.943454  0.941651  0.939284  0.938679  0.940245  0.945297  0.957197  0.9814  0.988301  0.986626  0.982313  0.991243  0.990509  0.918288  0.829603  0.651502  
0.0884578	0  0  0  0  0  0  0  0  0  0  0  0  0  0  0  0  0  0  0  0  0  0  0  0  0  0  0  0  0  0  0  0  0  0  0  0  0  0  0  0  0  0  0  0  0  0  0  0  0  0  0  0  0  0  0  0  0  0  0  0  0  0  0  0  0  0  0  0  0  0  0  0  0  0  0  0  0  0  0  0  0  0  0  0  0  0  0  0  0  0  0  0  0  0  0  0  0  0  0  0  0  0  0  0  0  0  0  0  0.64179  0.925242  0.955284  0.948255  0.950126  0.947583  0.945469  0.943647  0.941828  0.939451  0.938822  0.94036  0.945374  0.957225  0.981402  0.988365  0.986708  0.982362  0.991243  0.990509  0.91835  0.829985  0.652417  
0.0895972	0  0  0  0  0  0  0  0  0  0  0  0  0  0  0  0  0  0  0  0  0  0  0  0  0  0  0  0  0  0  0  0  0  0  0  0  0  0  0  0  0  0  0  0  0  0  0  0  0  0  0  0  0  0  0  0  0  0  0  0  0  0  0  0  0  0  0  0  0  0  0  0  0  0  0  0  0  0  0  0  0  0  0  0  0  0  0  0  0  0  0  0  0  0  0  0  0  0  0  0  0  0  0  0  0  0  0  0  0.643936  0.926924  0.956115  0.950671  0.950151  0.94778  0.945664  0.943836  0.942002  0.939615  0.938961  0.940473  0.945448  0.957252  0.981403  0.988422  0.986778  0.982402  0.991243  0.990509  0.918409  0.830337  0.652697  
0.0907311	0  0  0  0  0  0  0  0  0  0  0  0  0  0  0  0  0  0  0  0  0  0  0  0  0  0  0  0  0  0  0  0  0  0  0  0  0  0  0  0  0  0  0  0  0  0  0  0  0  0  0  0  0  0  0  0  0  0  0  0  0  0  0  0  0  0  0  0  0  0  0  0  0  0  0  0  0  0  0  0  0  0  0  0  0  0  0  0  0  0  0  0  0  0  0  0  0  0  0  0  0  0  0  0  0  0  0  0  0.645936  0.928931  0.956578  0.952201  0.950271  0.947977  0.945852  0.944019  0.942173  0.939774  0.939095  0.940584  0.94552  0.957278  0.981405  0.988475  0.986838  0.982436  0.991244  0.990509  0.918465  0.830662  0.652697  
0.0918604	0  0  0  0  0  0  0  0  0  0  0  0  0  0  0  0  0  0  0  0  0  0  0  0  0  0  0  0  0  0  0  0  0  0  0  0  0  0  0  0  0  0  0  0  0  0  0  0  0  0  0  0  0  0  0  0  0  0  0  0  0  0  0  0  0  0  0  0  0  0  0  0  0  0  0  0  0  0  0  0  0  0  0  0  0  0  0  0  0  0  0  0  0  0  0  0  0  0  0  0  0  0  0  0  0  0  0  0  0.647832  0.931088  0.956881  0.953005  0.95058  0.948175  0.946033  0.944197  0.942341  0.939929  0.939226  0.940694  0.94559  0.957304  0.981407  0.988523  0.986887  0.982466  0.991244  0.99051  0.918517  0.830961  0.652697  
0.0929854	0  0  0  0  0  0  0  0  0  0  0  0  0  0  0  0  0  0  0  0  0  0  0  0  0  0  0  0  0  0  0  0  0  0  0  0  0  0  0  0  0  0  0  0  0  0  0  0  0  0  0  0  0  0  0  0  0  0  0  0  0  0  0  0  0  0  0  0  0  0  0  0  0  0  0  0  0  0  0  0  0  0  0  0  0  0  0  0  0  0  0  0  0  0  0  0  0  0  0  0  0  0  0  0  0  0  0  0  0.649653  0.933189  0.957123  0.953437  0.951007  0.948374  0.94621  0.94437  0.942508  0.940078  0.939354  0.940802  0.945658  0.957329  0.981408  0.988568  0.986928  0.982492  0.991244  0.99051  0.918567  0.831237  0.652697  
0.0941053	0  0  0  0  0  0  0  0  0  0  0  0  0  0  0  0  0  0  0  0  0  0  0  0  0  0  0  0  0  0  0  0  0  0  0  0  0  0  0  0  0  0  0  0  0  0  0  0  0  0  0  0  0  0  0  0  0  0  0  0  0  0  0  0  0  0  0  0  0  0  0  0  0  0  0  0  0  0  0  0  0  0  0  0  0  0  0  0  0  0  0  0  0  0  0  0  0  0  0  0  0  0  0  0  0  0  0  0  0.651398  0.935083  0.957357  0.953713  0.951414  0.948573  0.946382  0.944538  0.942672  0.940223  0.939479  0.940909  0.945724  0.957354  0.981409  0.98861  0.986963  0.982515  0.991244  0.99051  0.918614  0.831492  0.652697  
0.0952204	0  0  0  0  0  0  0  0  0  0  0  0  0  0  0  0  0  0  0  0  0  0  0  0  0  0  0  0  0  0  0  0  0  0  0  0  0  0  0  0  0  0  0  0  0  0  0  0  0  0  0  0  0  0  0  0  0  0  0  0  0  0  0  0  0  0  0  0  0  0  0  0  0  0  0  0  0  0  0  0  0  0  0  0  0  0  0  0  0  0  0  0  0  0  0  0  0  0  0  0  0  0  0  0  0  0  0  0  0.653059  0.936707  0.957601  0.953926  0.951737  0.948771  0.946551  0.944701  0.942833  0.940362  0.939603  0.941013  0.945789  0.957379  0.981411  0.988648  0.986991  0.982535  0.991244  0.99051  0.918658  0.831726  0.652697  
0.0963295	0  0  0  0  0  0  0  0  0  0  0  0  0  0  0  0  0  0  0  0  0  0  0  0  0  0  0  0  0  0  0  0  0  0  0  0  0  0  0  0  0  0  0  0  0  0  0  0  0  0  0  0  0  0  0  0  0  0  0  0  0  0  0  0  0  0  0  0  0  0  0  0  0  0  0  0  0  0  0  0  0  0  0  0  0  0  0  0  0  0  0  0  0  0  0  0  0  0  0  0  0  0  0  0  0  0  0  0  0.654626  0.938076  0.957852  0.954111  0.95199  0.948971  0.946719  0.944859  0.942991  0.940497  0.939724  0.941114  0.945851  0.957402  0.981412  0.988684  0.987015  0.982553  0.991244  0.99051  0.9187  0.831942  0.652697  
0.0974341	0  0  0  0  0  0  0  0  0  0  0  0  0  0  0  0  0  0  0  0  0  0  0  0  0  0  0  0  0  0  0  0  0  0  0  0  0  0  0  0  0  0  0  0  0  0  0  0  0  0  0  0  0  0  0  0  0  0  0  0  0  0  0  0  0  0  0  0  0  0  0  0  0  0  0  0  0  0  0  0  0  0  0  0  0  0  0  0  0  0  0  0  0  0  0  0  0  0  0  0  0  0  0  0  0  0  0  0  0.656091  0.939262  0.958096  0.954282  0.9522  0.949176  0.946888  0.945013  0.943145  0.940628  0.939844  0.941213  0.945911  0.957426  0.981414  0.988717  0.987034  0.982569  0.991244  0.99051  0.91874  0.832141  0.652697  
0.0985336	0  0  0  0  0  0  0  0  0  0  0  0  0  0  0  0  0  0  0  0  0  0  0  0  0  0  0  0  0  0  0  0  0  0  0  0  0  0  0  0  0  0  0  0  0  0  0  0  0  0  0  0  0  0  0  0  0  0  0  0  0  0  0  0  0  0  0  0  0  0  0  0  0  0  0  0  0  0  0  0  0  0  0  0  0  0  0  0  0  0  0  0  0  0  0  0  0  0  0  0  0  0  0  0  0  0  0  0  0.657449  0.940358  0.95832  0.954445  0.952388  0.949381  0.947057  0.945164  0.943294  0.940756  0.939962  0.94131  0.945971  0.957449  0.981415  0.988748  0.987051  0.982583  0.991244  0.99051  0.918777  0.832325  0.652697  
0.0996278	0  0  0  0  0  0  0  0  0  0  0  0  0  0  0  0  0  0  0  0  0  0  0  0  0  0  0  0  0  0  0  0  0  0  0  0  0  0  0  0  0  0  0  0  0  0  0  0  0  0  0  0  0  0  0  0  0  0  0  0  0  0  0  0  0  0  0  0  0  0  0  0  0  0  0  0  0  0  0  0  0  0  0  0  0  0  0  0  0  0  0  0  0  0  0  0  0  0  0  0  0  0  0  0  0  0  0  0  0.658704  0.941453  0.95852  0.954602  0.952563  0.949578  0.947228  0.945312  0.943438  0.940882  0.940078  0.941403  0.946028  0.957471  0.981416  0.988775  0.987065  0.982595  0.991244  0.99051  0.918813  0.832495  0.652697  
0.100718	0  0  0  0  0  0  0  0  0  0  0  0  0  0  0  0  0  0  0  0  0  0  0  0  0  0  0  0  0  0  0  0  0  0  0  0  0  0  0  0  0  0  0  0  0  0  0  0  0  0  0  0  0  0  0  0  0  0  0  0  0  0  0  0  0  0  0  0  0  0  0  0  0  0  0  0  0  0  0  0  0  0  0  0  0  0  0  0  0  0  0  0  0  0  0  0  0  0  0  0  0  0  0  0  0  0  0  0  0.659871  0.942615  0.958697  0.954755  0.95273  0.949762  0.9474  0.945459  0.943577  0.941005  0.940192  0.941494  0.946085  0.957493  0.981418  0.988799  0.987077  0.982606  0.991244  0.99051  0.918846  0.832652  0.652697  
0.101804	0  0  0  0  0  0  0  0  0  0  0  0  0  0  0  0  0  0  0  0  0  0  0  0  0  0  0  0  0  0  0  0  0  0  0  0  0  0  0  0  0  0  0  0  0  0  0  0  0  0  0  0  0  0  0  0  0  0  0  0  0  0  0  0  0  0  0  0  0  0  0  0  0  0  0  0  0  0  0  0  0  0  0  0  0  0  0  0  0  0  0  0  0  0  0  0  0  0  0  0  0  0  0  0  0  0  0  0  0.660958  0.943875  0.958854  0.954904  0.952891  0.949935  0.947573  0.945606  0.943709  0.941127  0.940304  0.941583  0.94614  0.957515  0.981419  0.988821  0.987087  0.982615  0.991244  0.99051  0.918878  0.832797  0.652697  
0.102886	0  0  0  0  0  0  0  0  0  0  0  0  0  0  0  0  0  0  0  0  0  0  0  0  0  0  0  0  0  0  0  0  0  0  0  0  0  0  0  0  0  0  0  0  0  0  0  0  0  0  0  0  0  0  0  0  0  0  0  0  0  0  0  0  0  0  0  0  0  0  0  0  0  0  0  0  0  0  0  0  0  0  0  0  0  0  0  0  0  0  0  0  0  0  0  0  0  0  0  0  0  0  0  0  0  0  0  0  0.66198  0.945234  0.958997  0.955048  0.953048  0.950099  0.947744  0.945752  0.943837  0.941248  0.940413  0.941669  0.946195  0.957536  0.98142  0.98884  0.987097  0.982623  0.991244  0.99051  0.918908  0.832932  0.652697  
0.103964	0  0  0  0  0  0  0  0  0  0  0  0  0  0  0  0  0  0  0  0  0  0  0  0  0  0  0  0  0  0  0  0  0  0  0  0  0  0  0  0  0  0  0  0  0  0  0  0  0  0  0  0  0  0  0  0  0  0  0  0  0  0  0  0  0  0  0  0  0  0  0  0  0  0  0  0  0  0  0  0  0  0  0  0  0  0  0  0  0  0  0  0  0  0  0  0  0  0  0  0  0  0  0  0  0  0  0  0  0.66295  0.946665  0.95913  0.95519  0.953199  0.950255  0.947914  0.9459  0.943959  0.941366  0.94052  0.941752  0.946248  0.957557  0.981421  0.988857  0.987105  0.982629  0.991245  0.99051  0.918936  0.833056  0.652697  
0.105039	0  0  0  0  0  0  0  0  0  0  0  0  0  0  0  0  0  0  0  0  0  0  0  0  0  0  0  0  0  0  0  0  0  0  0  0  0  0  0  0  0  0  0  0  0  0  0  0  0  0  0  0  0  0  0  0  0  0  0  0  0  0  0  0  0  0  0  0  0  0  0  0  0  0  0  0  0  0  0  0  0  0  0  0  0  0  0  0  0  0  0  0  0  0  0  0  0  0  0  0  0  0  0  0  0  0  0  0  0.663876  0.948123  0.959254  0.955328  0.953347  0.950404  0.948081  0.946049  0.944078  0.941483  0.940625  0.941834  0.9463  0.957578  0.981422  0.988871  0.987112  0.982635  0.991245  0.99051  0.918962  0.833171  0.652697  
0.106109	0  0  0  0  0  0  0  0  0  0  0  0  0  0  0  0  0  0  0  0  0  0  0  0  0  0  0  0  0  0  0  0  0  0  0  0  0  0  0  0  0  0  0  0  0  0  0  0  0  0  0  0  0  0  0  0  0  0  0  0  0  0  0  0  0  0  0  0  0  0  0  0  0  0  0  0  0  0  0  0  0  0  0  0  0  0  0  0  0  0  0  0  0  0  0  0  0  0  0  0  0  0  0  0  0  0  0  0  0.664765  0.949566  0.959373  0.955462  0.953491  0.950548  0.948242  0.946198  0.944194  0.941598  0.940728  0.941913  0.946352  0.957598  0.981424  0.988884  0.987119  0.982639  0.991245  0.99051  0.918988  0.833277  0.652697  
0.107177	0  0  0  0  0  0  0  0  0  0  0  0  0  0  0  0  0  0  0  0  0  0  0  0  0  0  0  0  0  0  0  0  0  0  0  0  0  0  0  0  0  0  0  0  0  0  0  0  0  0  0  0  0  0  0  0  0  0  0  0  0  0  0  0  0  0  0  0  0  0  0  0  0  0  0  0  0  0  0  0  0  0  0  0  0  0  0  0  0  0  0  0  0  0  0  0  0  0  0  0  0  0  0  0  0  0  0  0  0.66562  0.950953  0.959488  0.955594  0.95363  0.950689  0.948399  0.946346  0.944309  0.94171  0.940828  0.941991  0.946402  0.957618  0.981425  0.988896  0.987125  0.982643  0.991245  0.990511  0.919011  0.833376  0.652697  
0.108241	0  0  0  0  0  0  0  0  0  0  0  0  0  0  0  0  0  0  0  0  0  0  0  0  0  0  0  0  0  0  0  0  0  0  0  0  0  0  0  0  0  0  0  0  0  0  0  0  0  0  0  0  0  0  0  0  0  0  0  0  0  0  0  0  0  0  0  0  0  0  0  0  0  0  0  0  0  0  0  0  0  0  0  0  0  0  0  0  0  0  0  0  0  0  0  0  0  0  0  0  0  0  0  0  0  0  0  0  0.666441  0.952252  0.959599  0.955723  0.953766  0.950826  0.948549  0.946494  0.944423  0.94182  0.940927  0.942066  0.946451  0.957637  0.981426  0.988906  0.987131  0.982647  0.991245  0.990511  0.919034  0.833407  0.652697  
0.109302	0  0  0  0  0  0  0  0  0  0  0  0  0  0  0  0  0  0  0  0  0  0  0  0  0  0  0  0  0  0  0  0  0  0  0  0  0  0  0  0  0  0  0  0  0  0  0  0  0  0  0  0  0  0  0  0  0  0  0  0  0  0  0  0  0  0  0  0  0  0  0  0  0  0  0  0  0  0  0  0  0  0  0  0  0  0  0  0  0  0  0  0  0  0  0  0  0  0  0  0  0  0  0  0  0  0  0  0  0.667228  0.953444  0.959708  0.955849  0.953898  0.95096  0.948693  0.94664  0.944536  0.941926  0.941023  0.942141  0.9465  0.957656  0.981427  0.988914  0.987136  0.982649  0.991245  0.990511  0.919055  0.833407  0.652697  
0.110361	0  0  0  0  0  0  0  0  0  0  0  0  0  0  0  0  0  0  0  0  0  0  0  0  0  0  0  0  0  0  0  0  0  0  0  0  0  0  0  0  0  0  0  0  0  0  0  0  0  0  0  0  0  0  0  0  0  0  0  0  0  0  0  0  0  0  0  0  0  0  0  0  0  0  0  0  0  0  0  0  0  0  0  0  0  0  0  0  0  0  0  0  0  0  0  0  0  0  0  0  0  0  0  0  0  0  0  0  0.667979  0.954521  0.959814  0.955972  0.954026  0.951092  0.948831  0.946782  0.944652  0.942029  0.941117  0.942213  0.946548  0.957675  0.981428  0.988922  0.987141  0.982652  0.991245  0.990511  0.919075  0.833407  0.652697  
0.111417	0  0  0  0  0  0  0  0  0  0  0  0  0  0  0  0  0  0  0  0  0  0  0  0  0  0  0  0  0  0  0  0  0  0  0  0  0  0  0  0  0  0  0  0  0  0  0  0  0  0  0  0  0  0  0  0  0  0  0  0  0  0  0  0  0  0  0  0  0  0  0  0  0  0  0  0  0  0  0  0  0  0  0  0  0  0  0  0  0  0  0  0  0  0  0  0  0  0  0  0  0  0  0  0  0  0  0  0  0.668693  0.955482  0.959918  0.956093  0.954151  0.951222  0.948965  0.946921  0.944768  0.94213  0.941208  0.942285  0.946594  0.957694  0.981429  0.988929  0.987145  0.982654  0.991245  0.990511  0.919094  0.833407  0.652697  
0.11247	0  0  0  0  0  0  0  0  0  0  0  0  0  0  0  0  0  0  0  0  0  0  0  0  0  0  0  0  0  0  0  0  0  0  0  0  0  0  0  0  0  0  0  0  0  0  0  0  0  0  0  0  0  0  0  0  0  0  0  0  0  0  0  0  0  0  0  0  0  0  0  0  0  0  0  0  0  0  0  0  0  0  0  0  0  0  0  0  0  0  0  0  0  0  0  0  0  0  0  0  0  0  0  0  0  0  0  0  0.669366  0.956335  0.96002  0.956211  0.954274  0.951349  0.949093  0.947055  0.944887  0.942227  0.941297  0.942355  0.94664  0.957712  0.98143  0.988935  0.987149  0.982655  0.991245  0.990511  0.919112  0.833407  0.652697  
0.113522	0  0  0  0  0  0  0  0  0  0  0  0  0  0  0  0  0  0  0  0  0  0  0  0  0  0  0  0  0  0  0  0  0  0  0  0  0  0  0  0  0  0  0  0  0  0  0  0  0  0  0  0  0  0  0  0  0  0  0  0  0  0  0  0  0  0  0  0  0  0  0  0  0  0  0  0  0  0  0  0  0  0  0  0  0  0  0  0  0  0  0  0  0  0  0  0  0  0  0  0  0  0  0  0  0  0  0  0  0.67  0.957094  0.960121  0.956326  0.954395  0.951474  0.949218  0.947184  0.945007  0.942323  0.941384  0.942425  0.946685  0.95773  0.981431  0.988941  0.987152  0.982657  0.991245  0.990511  0.919129  0.833407  0.652697  
0.114572	0  0  0  0  0  0  0  0  0  0  0  0  0  0  0  0  0  0  0  0  0  0  0  0  0  0  0  0  0  0  0  0  0  0  0  0  0  0  0  0  0  0  0  0  0  0  0  0  0  0  0  0  0  0  0  0  0  0  0  0  0  0  0  0  0  0  0  0  0  0  0  0  0  0  0  0  0  0  0  0  0  0  0  0  0  0  0  0  0  0  0  0  0  0  0  0  0  0  0  0  0  0  0  0  0  0  0  0  0.670594  0.957774  0.960219  0.956438  0.954513  0.951596  0.949339  0.947309  0.945128  0.942418  0.941468  0.942493  0.94673  0.957748  0.981432  0.988946  0.987156  0.982658  0.991245  0.990511  0.919145  0.833407  0.652697  
0.11562	0  0  0  0  0  0  0  0  0  0  0  0  0  0  0  0  0  0  0  0  0  0  0  0  0  0  0  0  0  0  0  0  0  0  0  0  0  0  0  0  0  0  0  0  0  0  0  0  0  0  0  0  0  0  0  0  0  0  0  0  0  0  0  0  0  0  0  0  0  0  0  0  0  0  0  0  0  0  0  0  0  0  0  0  0  0  0  0  0  0  0  0  0  0  0  0  0  0  0  0  0  0  0  0  0  0  0  0  0.671149  0.958398  0.960316  0.956548  0.954631  0.951716  0.949456  0.947429  0.945249  0.942511  0.94155  0.942561  0.946773  0.957765  0.981433  0.988951  0.987158  0.982659  0.991245  0.990511  0.91916  0.833407  0.652697  
0.116667	0  0  0  0  0  0  0  0  0  0  0  0  0  0  0  0  0  0  0  0  0  0  0  0  0  0  0  0  0  0  0  0  0  0  0  0  0  0  0  0  0  0  0  0  0  0  0  0  0  0  0  0  0  0  0  0  0  0  0  0  0  0  0  0  0  0  0  0  0  0  0  0  0  0  0  0  0  0  0  0  0  0  0  0  0  0  0  0  0  0  0  0  0  0  0  0  0  0  0  0  0  0  0  0  0  0  0  0  0.671666  0.958985  0.96041  0.956656  0.954746  0.951832  0.949571  0.947546  0.94537  0.942605  0.941629  0.942627  0.946816  0.957782  0.981434  0.988956  0.987161  0.98266  0.991245  0.990511  0.919174  0.833407  0.652697  
0.117711	0  0  0  0  0  0  0  0  0  0  0  0  0  0  0  0  0  0  0  0  0  0  0  0  0  0  0  0  0  0  0  0  0  0  0  0  0  0  0  0  0  0  0  0  0  0  0  0  0  0  0  0  0  0  0  0  0  0  0  0  0  0  0  0  0  0  0  0  0  0  0  0  0  0  0  0  0  0  0  0  0  0  0  0  0  0  0  0  0  0  0  0  0  0  0  0  0  0  0  0  0  0  0  0  0  0  0  0  0.672147  0.959556  0.960501  0.956762  0.95486  0.951946  0.949682  0.947659  0.945489  0.942698  0.941706  0.942693  0.946859  0.957799  0.981435  0.98896  0.987163  0.98266  0.991245  0.990511  0.919188  0.833407  0.652697  
0.118755	0  0  0  0  0  0  0  0  0  0  0  0  0  0  0  0  0  0  0  0  0  0  0  0  0  0  0  0  0  0  0  0  0  0  0  0  0  0  0  0  0  0  0  0  0  0  0  0  0  0  0  0  0  0  0  0  0  0  0  0  0  0  0  0  0  0  0  0  0  0  0  0  0  0  0  0  0  0  0  0  0  0  0  0  0  0  0  0  0  0  0  0  0  0  0  0  0  0  0  0  0  0  0  0  0  0  0  0  0.672595  0.960129  0.960591  0.956866  0.954973  0.952057  0.949791  0.94777  0.945606  0.942791  0.941781  0.942757  0.9469  0.957815  0.981436  0.988964  0.987165  0.982661  0.991245  0.990511  0.919201  0.833407  0.652697  
0.119796	0  0  0  0  0  0  0  0  0  0  0  0  0  0  0  0  0  0  0  0  0  0  0  0  0  0  0  0  0  0  0  0  0  0  0  0  0  0  0  0  0  0  0  0  0  0  0  0  0  0  0  0  0  0  0  0  0  0  0  0  0  0  0  0  0  0  0  0  0  0  0  0  0  0  0  0  0  0  0  0  0  0  0  0  0  0  0  0  0  0  0  0  0  0  0  0  0  0  0  0  0  0  0  0  0  0  0  0  0.673013  0.960717  0.960677  0.956967  0.955084  0.952166  0.949896  0.947878  0.945719  0.942885  0.941854  0.942821  0.946941  0.957831  0.981437  0.988967  0.987167  0.982662  0.991245  0.990511  0.919213  0.833407  0.652697  
0.120835	0  0  0  0  0  0  0  0  0  0  0  0  0  0  0  0  0  0  0  0  0  0  0  0  0  0  0  0  0  0  0  0  0  0  0  0  0  0  0  0  0  0  0  0  0  0  0  0  0  0  0  0  0  0  0  0  0  0  0  0  0  0  0  0  0  0  0  0  0  0  0  0  0  0  0  0  0  0  0  0  0  0  0  0  0  0  0  0  0  0  0  0  0  0  0  0  0  0  0  0  0  0  0  0  0  0  0  0  0.673406  0.961324  0.960761  0.957068  0.955194  0.952272  0.95  0.947985  0.945829  0.942979  0.941925  0.942882  0.946982  0.957847  0.981438  0.988971  0.987168  0.982662  0.991245  0.990511  0.919224  0.833407  0.652697  
0.121874	0  0  0  0  0  0  0  0  0  0  0  0  0  0  0  0  0  0  0  0  0  0  0  0  0  0  0  0  0  0  0  0  0  0  0  0  0  0  0  0  0  0  0  0  0  0  0  0  0  0  0  0  0  0  0  0  0  0  0  0  0  0  0  0  0  0  0  0  0  0  0  0  0  0  0  0  0  0  0  0  0  0  0  0  0  0  0  0  0  0  0  0  0  0  0  0  0  0  0  0  0  0  0  0  0  0  0  0  0.673779  0.961947  0.960843  0.957167  0.955301  0.952375  0.950101  0.948089  0.945934  0.943074  0.941996  0.942943  0.947022  0.957862  0.981438  0.988974  0.98717  0.982662  0.991245  0.990511  0.919231  0.833407  0.652697  
0.122911	0  0  0  0  0  0  0  0  0  0  0  0  0  0  0  0  0  0  0  0  0  0  0  0  0  0  0  0  0  0  0  0  0  0  0  0  0  0  0  0  0  0  0  0  0  0  0  0  0  0  0  0  0  0  0  0  0  0  0  0  0  0  0  0  0  0  0  0  0  0  0  0  0  0  0  0  0  0  0  0  0  0  0  0  0  0  0  0  0  0  0  0  0  0  0  0  0  0  0  0  0  0  0  0  0  0  0  0  0.674135  0.962574  0.960923  0.957265  0.955407  0.952477  0.9502  0.948191  0.946036  0.943168  0.942066  0.943002  0.947061  0.957877  0.981439  0.988977  0.987171  0.982663  0.991245  0.990511  0.919231  0.833407  0.652697  
0.123947	0  0  0  0  0  0  0  0  0  0  0  0  0  0  0  0  0  0  0  0  0  0  0  0  0  0  0  0  0  0  0  0  0  0  0  0  0  0  0  0  0  0  0  0  0  0  0  0  0  0  0  0  0  0  0  0  0  0  0  0  0  0  0  0  0  0  0  0  0  0  0  0  0  0  0  0  0  0  0  0  0  0  0  0  0  0  0  0  0  0  0  0  0  0  0  0  0  0  0  0  0  0  0  0  0  0  0  0  0.674479  0.963186  0.961002  0.957361  0.955511  0.952576  0.950296  0.948292  0.946135  0.943262  0.942135  0.94306  0.9471  0.957892  0.98144  0.98898  0.987172  0.982663  0.991245  0.990511  0.919231  0.833407  0.652697  
0.124983	0  0  0  0  0  0  0  0  0  0  0  0  0  0  0  0  0  0  0  0  0  0  0  0  0  0  0  0  0  0  0  0  0  0  0  0  0  0  0  0  0  0  0  0  0  0  0  0  0  0  0  0  0  0  0  0  0  0  0  0  0  0  0  0  0  0  0  0  0  0  0  0  0  0  0  0  0  0  0  0  0  0  0  0  0  0  0  0  0  0  0  0  0  0  0  0  0  0  0  0  0  0  0  0  0  0  0  0  0.674814  0.963762  0.961079  0.957457  0.955613  0.952673  0.950392  0.948391  0.94623  0.943354  0.942205  0.943116  0.947139  0.957906  0.981441  0.988983  0.987173  0.982663  0.991245  0.990511  0.919231  0.833407  0.652697  
0.126018	0  0  0  0  0  0  0  0  0  0  0  0  0  0  0  0  0  0  0  0  0  0  0  0  0  0  0  0  0  0  0  0  0  0  0  0  0  0  0  0  0  0  0  0  0  0  0  0  0  0  0  0  0  0  0  0  0  0  0  0  0  0  0  0  0  0  0  0  0  0  0  0  0  0  0  0  0  0  0  0  0  0  0  0  0  0  0  0  0  0  0  0  0  0  0  0  0  0  0  0  0  0  0  0  0  0  0  0  0.675141  0.964283  0.961155  0.957551  0.955713  0.952769  0.950485  0.948488  0.946322  0.943445  0.942274  0.943171  0.947177  0.957921  0.981442  0.988985  0.987174  0.982664  0.991245  0.990511  0.919231  0.833407  0.652697  
0.127052	0  0  0  0  0  0  0  0  0  0  0  0  0  0  0  0  0  0  0  0  0  0  0  0  0  0  0  0  0  0  0  0  0  0  0  0  0  0  0  0  0  0  0  0  0  0  0  0  0  0  0  0  0  0  0  0  0  0  0  0  0  0  0  0  0  0  0  0  0  0  0  0  0  0  0  0  0  0  0  0  0  0  0  0  0  0  0  0  0  0  0  0  0  0  0  0  0  0  0  0  0  0  0  0  0  0  0  0  0.675463  0.964737  0.961229  0.957644  0.955811  0.952862  0.950577  0.948582  0.946412  0.943533  0.942345  0.943225  0.947214  0.957934  0.981442  0.988988  0.987174  0.982664  0.991245  0.990511  0.919231  0.833407  0.652697  
0.128086	0  0  0  0  0  0  0  0  0  0  0  0  0  0  0  0  0  0  0  0  0  0  0  0  0  0  0  0  0  0  0  0  0  0  0  0  0  0  0  0  0  0  0  0  0  0  0  0  0  0  0  0  0  0  0  0  0  0  0  0  0  0  0  0  0  0  0  0  0  0  0  0  0  0  0  0  0  0  0  0  0  0  0  0  0  0  0  0  0  0  0  0  0  0  0  0  0  0  0  0  0  0  0  0  0  0  0  0  0.675782  0.965116  0.961303  0.957736  0.955907  0.952954  0.950669  0.948674  0.9465  0.943619  0.942416  0.943277  0.947251  0.957948  0.981443  0.98899  0.987175  0.982664  0.991245  0.990511  0.919231  0.833407  0.652697  
0.129119	0  0  0  0  0  0  0  0  0  0  0  0  0  0  0  0  0  0  0  0  0  0  0  0  0  0  0  0  0  0  0  0  0  0  0  0  0  0  0  0  0  0  0  0  0  0  0  0  0  0  0  0  0  0  0  0  0  0  0  0  0  0  0  0  0  0  0  0  0  0  0  0  0  0  0  0  0  0  0  0  0  0  0  0  0  0  0  0  0  0  0  0  0  0  0  0  0  0  0  0  0  0  0  0  0  0  0  0  0.676096  0.965426  0.961376  0.957826  0.956001  0.953045  0.950758  0.948764  0.946586  0.943703  0.942487  0.943329  0.947287  0.957962  0.981444  0.988992  0.987176  0.982664  0.991245  0.990511  0.919231  0.833407  0.652697  
0.130152	0  0  0  0  0  0  0  0  0  0  0  0  0  0  0  0  0  0  0  0  0  0  0  0  0  0  0  0  0  0  0  0  0  0  0  0  0  0  0  0  0  0  0  0  0  0  0  0  0  0  0  0  0  0  0  0  0  0  0  0  0  0  0  0  0  0  0  0  0  0  0  0  0  0  0  0  0  0  0  0  0  0  0  0  0  0  0  0  0  0  0  0  0  0  0  0  0  0  0  0  0  0  0  0  0  0  0  0  0.676404  0.965673  0.961448  0.957915  0.956093  0.953134  0.950847  0.948851  0.94667  0.943783  0.942559  0.943379  0.947322  0.957975  0.981445  0.988994  0.987176  0.982664  0.991245  0.990511  0.919231  0.833407  0.652697  
0.131185	0  0  0  0  0  0  0  0  0  0  0  0  0  0  0  0  0  0  0  0  0  0  0  0  0  0  0  0  0  0  0  0  0  0  0  0  0  0  0  0  0  0  0  0  0  0  0  0  0  0  0  0  0  0  0  0  0  0  0  0  0  0  0  0  0  0  0  0  0  0  0  0  0  0  0  0  0  0  0  0  0  0  0  0  0  0  0  0  0  0  0  0  0  0  0  0  0  0  0  0  0  0  0  0  0  0  0  0  0.676702  0.965868  0.96152  0.958003  0.956183  0.953221  0.950935  0.948937  0.946753  0.943862  0.942632  0.94343  0.947356  0.957988  0.981446  0.988995  0.987176  0.982665  0.991245  0.990511  0.919231  0.833407  0.652697  
0.132217	0  0  0  0  0  0  0  0  0  0  0  0  0  0  0  0  0  0  0  0  0  0  0  0  0  0  0  0  0  0  0  0  0  0  0  0  0  0  0  0  0  0  0  0  0  0  0  0  0  0  0  0  0  0  0  0  0  0  0  0  0  0  0  0  0  0  0  0  0  0  0  0  0  0  0  0  0  0  0  0  0  0  0  0  0  0  0  0  0  0  0  0  0  0  0  0  0  0  0  0  0  0  0  0  0  0  0  0  0.676988  0.966023  0.961591  0.958089  0.956271  0.953308  0.951022  0.94902  0.946834  0.943938  0.942704  0.943479  0.947389  0.958001  0.981446  0.988997  0.987177  0.982665  0.991245  0.990511  0.919231  0.833407  0.652697  
0.133249	0  0  0  0  0  0  0  0  0  0  0  0  0  0  0  0  0  0  0  0  0  0  0  0  0  0  0  0  0  0  0  0  0  0  0  0  0  0  0  0  0  0  0  0  0  0  0  0  0  0  0  0  0  0  0  0  0  0  0  0  0  0  0  0  0  0  0  0  0  0  0  0  0  0  0  0  0  0  0  0  0  0  0  0  0  0  0  0  0  0  0  0  0  0  0  0  0  0  0  0  0  0  0  0  0  0  0  0  0.677261  0.966147  0.961661  0.958174  0.956358  0.953393  0.951107  0.949101  0.946914  0.944012  0.942776  0.943529  0.947421  0.958014  0.981447  0.988998  0.987177  0.982665  0.991245  0.990511  0.919231  0.833407  0.652697  
0.134281	0  0  0  0  0  0  0  0  0  0  0  0  0  0  0  0  0  0  0  0  0  0  0  0  0  0  0  0  0  0  0  0  0  0  0  0  0  0  0  0  0  0  0  0  0  0  0  0  0  0  0  0  0  0  0  0  0  0  0  0  0  0  0  0  0  0  0  0  0  0  0  0  0  0  0  0  0  0  0  0  0  0  0  0  0  0  0  0  0  0  0  0  0  0  0  0  0  0  0  0  0  0  0  0  0  0  0  0  0.677518  0.966248  0.96173  0.958257  0.956443  0.953477  0.951191  0.949181  0.946991  0.944084  0.942847  0.943579  0.947453  0.958027  0.981448  0.988999  0.987177  0.982665  0.991246  0.990511  0.919231  0.833407  0.652697  
0.135313	0  0  0  0  0  0  0  0  0  0  0  0  0  0  0  0  0  0  0  0  0  0  0  0  0  0  0  0  0  0  0  0  0  0  0  0  0  0  0  0  0  0  0  0  0  0  0  0  0  0  0  0  0  0  0  0  0  0  0  0  0  0  0  0  0  0  0  0  0  0  0  0  0  0  0  0  0  0  0  0  0  0  0  0  0  0  0  0  0  0  0  0  0  0  0  0  0  0  0  0  0  0  0  0  0  0  0  0  0.677758  0.966332  0.961799  0.958339  0.956527  0.95356  0.951274  0.949259  0.947067  0.944154  0.942917  0.943629  0.947484  0.958039  0.981448  0.989  0.987178  0.982665  0.991246  0.990511  0.919231  0.833407  0.652697  
